1 -3.46945e-17
0.99978 0.0209499
0.999122 0.0418916
0.998025 0.0628156
0.99649 0.0837122
0.994517 0.104572
0.992108 0.125386
0.989263 0.146144
0.985984 0.166838
0.982272 0.187459
0.978129 0.207997
0.973557 0.228444
0.968557 0.248791
0.963132 0.269029
0.957284 0.289149
0.951016 0.309142
0.94433 0.328998
0.93723 0.348711
0.929719 0.368271
0.921799 0.387668
0.913474 0.406896
0.904749 0.425945
0.895626 0.444807
0.88611 0.463474
0.876206 0.481937
0.865916 0.500189
0.855246 0.518221
0.844201 0.536026
0.832786 0.553595
0.821005 0.570921
0.808863 0.587997
0.796366 0.604814
0.78352 0.621367
0.77033 0.637646
0.756801 0.653645
0.74294 0.669357
0.728753 0.684776
0.714247 0.699894
0.699426 0.714705
0.684299 0.729202
0.668871 0.743378
0.653149 0.757229
0.637141 0.770747
0.620854 0.783927
0.604293 0.796762
0.587467 0.809248
0.570384 0.821378
0.55305 0.833148
0.535473 0.844552
0.517661 0.855586
0.499622 0.866243
0.481363 0.876521
0.462894 0.886414
0.444221 0.895917
0.425353 0.905027
0.406298 0.91374
0.387065 0.922052
0.367662 0.92996
0.348097 0.937458
0.32838 0.944545
0.308519 0.951218
0.288522 0.957473
0.268399 0.963308
0.248157 0.96872
0.227807 0.973706
0.207357 0.978265
0.186815 0.982395
0.166192 0.986093
0.145496 0.989359
0.124736 0.99219
0.103921 0.994585
0.0830602 0.996544
0.0621632 0.998066
0.041239 0.999149
0.0202966 0.999794
-0.000654697 1
-0.0216057 0.999767
-0.0425472 0.999094
-0.06347 0.997984
-0.084365 0.996435
-0.105223 0.994449
-0.126035 0.992026
-0.146791 0.989167
-0.167483 0.985875
-0.188101 0.982149
-0.208637 0.977993
-0.229082 0.973407
-0.249425 0.968394
-0.26966 0.962955
-0.289775 0.957094
-0.309764 0.950813
-0.329617 0.944115
-0.349325 0.937002
-0.368879 0.929477
-0.388272 0.921545
-0.407494 0.913208
-0.426537 0.90447
-0.445393 0.895335
-0.464054 0.885807
-0.482511 0.87589
-0.500756 0.865589
-0.518781 0.854907
-0.536578 0.84385
-0.55414 0.832423
-0.571459 0.820631
-0.588527 0.808478
-0.605336 0.79597
-0.621879 0.783113
-0.63815 0.769912
-0.654141 0.756373
-0.669844 0.742502
-0.685253 0.728305
-0.700361 0.713788
-0.715162 0.698958
-0.729649 0.683821
-0.743816 0.668384
-0.757656 0.652654
-0.771164 0.636637
-0.784333 0.62034
-0.797158 0.603771
-0.809632 0.586937
-0.821751 0.569846
-0.83351 0.552504
-0.844903 0.53492
-0.855924 0.517101
-0.86657 0.499055
-0.876836 0.480789
-0.886716 0.462313
-0.896208 0.443634
-0.905306 0.42476
-0.914006 0.4057
-0.922305 0.386461
-0.9302 0.367053
-0.937686 0.347484
-0.94476 0.327762
-0.95142 0.307896
-0.957662 0.287895
-0.963483 0.267768
-0.968882 0.247523
-0.973855 0.227169
-0.978401 0.206716
-0.982517 0.186172
-0.986202 0.165546
-0.989454 0.144848
-0.992271 0.124086
-0.994653 0.10327
-0.996598 0.0824078
-0.998106 0.0615098
-0.999176 0.0405848
-0.999807 0.019642
-0.999999 -0.00130937
-0.999752 -0.0222602
-0.999066 -0.0432013
-0.997942 -0.0641234
-0.996379 -0.0850173
-0.994379 -0.105874
-0.991943 -0.126684
-0.989071 -0.147439
-0.985765 -0.168128
-0.982026 -0.188744
-0.977856 -0.209278
-0.973257 -0.229719
-0.968231 -0.250059
-0.962779 -0.27029
-0.956905 -0.290402
-0.95061 -0.310386
-0.943899 -0.330235
-0.936773 -0.349938
-0.929236 -0.369488
-0.92129 -0.388875
-0.912941 -0.408092
-0.90419 -0.427129
-0.895043 -0.44598
-0.885503 -0.464634
-0.875574 -0.483084
-0.86526 -0.501322
-0.854567 -0.519341
-0.843499 -0.537131
-0.83206 -0.554685
-0.820256 -0.571996
-0.808092 -0.589056
-0.795574 -0.605857
-0.782706 -0.622392
-0.769494 -0.638654
-0.755944 -0.654635
-0.742063 -0.67033
-0.727856 -0.68573
-0.71333 -0.700829
-0.69849 -0.71562
-0.683343 -0.730097
-0.667897 -0.744254
-0.652158 -0.758083
-0.636132 -0.77158
-0.619826 -0.784739
-0.603249 -0.797552
-0.586407 -0.810016
-0.569308 -0.822124
-0.551958 -0.833872
-0.534367 -0.845253
-0.51654 -0.856263
-0.498487 -0.866897
-0.480215 -0.877151
-0.461733 -0.887019
-0.443047 -0.896498
-0.424167 -0.905584
-0.405101 -0.914272
-0.385857 -0.922558
-0.366444 -0.93044
-0.34687 -0.937913
-0.327143 -0.944975
-0.307273 -0.951621
-0.287268 -0.95785
-0.267137 -0.963658
-0.246888 -0.969044
-0.226532 -0.974004
-0.206076 -0.978536
-0.185529 -0.982639
-0.164901 -0.98631
-0.1442 -0.989548
-0.123436 -0.992352
-0.102618 -0.994721
-0.0817553 -0.996652
-0.0608563 -0.998146
-0.0399307 -0.999202
-0.0189875 -0.99982
0.00196406 -0.999998
0.0229147 -0.999737
0.0438554 -0.999038
0.0647767 -0.9979
0.0856697 -0.996324
0.106525 -0.99431
0.127333 -0.99186
0.148086 -0.988974
0.168774 -0.985655
0.189387 -0.981902
0.209918 -0.977719
0.230356 -0.973106
0.250693 -0.968066
0.27092 -0.962602
0.291028 -0.956714
0.311009 -0.950407
0.330853 -0.943682
0.350551 -0.936543
0.370096 -0.928994
0.389478 -0.921036
0.408689 -0.912673
0.427721 -0.90391
0.446565 -0.894751
0.465213 -0.885199
0.483657 -0.875257
0.501889 -0.864932
0.5199 -0.854227
0.537683 -0.843147
0.55523 -0.831697
0.572533 -0.819882
0.589584 -0.807706
0.606377 -0.795177
0.622904 -0.782298
0.639158 -0.769076
0.65513 -0.755516
0.670815 -0.741624
0.686206 -0.727407
0.701296 -0.712871
0.716077 -0.698021
0.730544 -0.682865
0.744691 -0.66741
0.75851 -0.651661
0.771997 -0.635626
0.785144 -0.619313
0.797947 -0.602727
0.8104 -0.585877
0.822497 -0.568769
0.834233 -0.551412
0.845602 -0.533813
0.856601 -0.51598
0.867223 -0.49792
0.877465 -0.479641
0.887321 -0.461152
0.896788 -0.44246
0.905861 -0.423574
0.914537 -0.404503
0.922811 -0.385253
0.93068 -0.365835
0.93814 -0.346255
0.945189 -0.326524
0.951822 -0.30665
0.958038 -0.286641
0.963833 -0.266506
0.969205 -0.246254
0.974152 -0.225894
0.978671 -0.205435
0.98276 -0.184886
0.986418 -0.164254
0.989642 -0.143551
0.992433 -0.122785
0.994788 -0.101966
0.996706 -0.081103
0.998186 -0.0602055
0.999228 -0.0392822
0.999832 -0.0183416
0.999994 0.00260727
