1.73205 0.877383
1.72955 0.907964
1.72562 0.938652
1.72031 0.969375
1.71364 1.00006
1.70566 1.03064
1.69641 1.06105
1.68591 1.0912
1.67421 1.12103
1.66135 1.15048
1.64735 1.17946
1.63227 1.2079
1.61614 1.23575
1.59898 1.26291
1.58085 1.28934
1.56178 1.31494
1.5418 1.33965
1.52096 1.36341
1.49928 1.38613
1.47682 1.40776
1.45359 1.4282
1.42965 1.44741
1.40503 1.4653
1.37976 1.48182
1.35388 1.49698
1.32742 1.51084
1.30039 1.52346
1.27284 1.53488
1.24479 1.54515
1.21627 1.55434
1.1873 1.56248
1.15793 1.56963
1.12816 1.57585
1.09804 1.58119
1.0676 1.58569
1.03685 1.58942
1.00583 1.59241
0.97457 1.59473
0.943096 1.59643
0.911437 1.59756
0.879621 1.59817
0.847678 1.59831
0.815635 1.59804
0.783522 1.5974
0.751367 1.59646
0.719198 1.59525
0.687045 1.59384
0.654935 1.59228
0.622897 1.59061
0.590961 1.58889
0.559154 1.58718
0.527504 1.58552
0.49603 1.58395
0.464722 1.58247
0.433571 1.58109
0.402567 1.5798
0.371698 1.5786
0.340956 1.5775
0.310329 1.57649
0.279807 1.57558
0.249381 1.57475
0.21904 1.57403
0.188773 1.57339
0.15857 1.57285
0.128422 1.57241
0.0983171 1.57205
0.0682461 1.57179
0.0381983 1.57163
0.00816364 1.57155
-0.0218683 1.57158
-0.0519076 1.57169
-0.0819647 1.5719
-0.11205 1.5722
-0.142173 1.5726
-0.172345 1.57309
-0.202576 1.57367
-0.232875 1.57435
-0.263254 1.57512
-0.293723 1.57598
-0.324291 1.57694
-0.354969 1.57799
-0.385768 1.57914
-0.416697 1.58037
-0.447767 1.58171
-0.478989 1.58313
-0.510371 1.58465
-0.541925 1.58627
-0.57365 1.58796
-0.60552 1.58968
-0.637506 1.59138
-0.66958 1.59301
-0.701713 1.59451
-0.733877 1.59583
-0.766043 1.59692
-0.798183 1.59773
-0.830268 1.59821
-0.862268 1.5983
-0.894157 1.59795
-0.925905 1.59711
-0.957483 1.59573
-0.988863 1.59375
-1.02002 1.59113
-1.05091 1.58781
-1.08153 1.58374
-1.11183 1.57886
-1.14179 1.57313
-1.17138 1.56649
-1.20057 1.55889
-1.22934 1.55028
-1.25765 1.5406
-1.28548 1.52981
-1.31279 1.51785
-1.33956 1.50468
-1.36577 1.49023
-1.39137 1.47445
-1.41635 1.4573
-1.44066 1.4388
-1.46428 1.41902
-1.48717 1.39803
-1.50928 1.3759
-1.53058 1.35269
-1.55103 1.32849
-1.5706 1.30336
-1.58925 1.27738
-1.60693 1.25061
-1.62363 1.22312
-1.63929 1.19499
-1.65388 1.16629
-1.66736 1.13709
-1.6797 1.10746
-1.69085 1.07748
-1.70079 1.0472
-1.70946 1.01671
-1.71685 0.986068
-1.7229 0.955356
-1.72759 0.92464
-1.73087 0.893992
-1.73271 0.863481
-1.73311 0.833146
-1.73212 0.802989
-1.72979 0.77301
-1.72616 0.743209
-1.72129 0.713586
-1.71523 0.684142
-1.70801 0.654876
-1.69971 0.625789
-1.69035 0.596881
-1.68 0.568153
-1.6687 0.539603
-1.65649 0.511233
-1.64344 0.483042
-1.62958 0.455032
-1.61497 0.427201
-1.59966 0.39955
-1.5837 0.37208
-1.56712 0.34479
-1.55 0.317681
-1.53236 0.290753
-1.51427 0.264006
-1.49576 0.23744
-1.4769 0.211056
-1.45773 0.184853
-1.4383 0.158831
-1.41865 0.132992
-1.39884 0.107335
-1.3789 0.0818621
-1.35884 0.0565852
-1.33864 0.0315156
-1.3183 0.0066651
-1.29782 -0.0179544
-1.27719 -0.0423312
-1.25639 -0.0664534
-1.23544 -0.0903091
-1.21431 -0.113887
-1.19301 -0.137174
-1.17152 -0.16016
-1.14984 -0.182831
-1.12797 -0.205178
-1.1059 -0.227187
-1.08361 -0.248846
-1.06112 -0.270145
-1.0384 -0.291071
-1.01546 -0.311612
-0.992284 -0.331757
-0.96887 -0.351494
-0.945211 -0.37081
-0.9213 -0.389694
-0.897132 -0.408135
-0.872699 -0.42612
-0.847997 -0.443638
-0.823019 -0.460676
-0.797758 -0.477223
-0.772208 -0.493268
-0.746363 -0.508797
-0.720218 -0.5238
-0.693765 -0.538265
-0.666998 -0.55218
-0.639912 -0.565532
-0.612499 -0.578311
-0.584755 -0.590504
-0.556672 -0.6021
-0.528245 -0.613086
-0.499475 -0.623455
-0.47038 -0.633206
-0.440981 -0.642338
-0.411297 -0.650852
-0.381349 -0.658748
-0.351156 -0.666026
-0.320738 -0.672686
-0.290115 -0.678727
-0.259308 -0.68415
-0.228335 -0.688955
-0.197218 -0.693142
-0.165975 -0.69671
-0.134627 -0.69966
-0.103194 -0.701992
-0.0716958 -0.703706
-0.0401523 -0.704801
-0.00858338 -0.705278
0.0229909 -0.705137
0.0545507 -0.704378
0.0860761 -0.703
0.117547 -0.701004
0.148944 -0.69839
0.180246 -0.695158
0.211434 -0.691308
0.242488 -0.686839
0.273388 -0.681752
0.304113 -0.676047
0.334645 -0.669724
0.364963 -0.662782
0.395047 -0.655222
0.424877 -0.647044
0.454433 -0.638248
0.483696 -0.628833
0.512645 -0.6188
0.54126 -0.608149
0.569529 -0.596883
0.597457 -0.585014
0.625049 -0.572552
0.652312 -0.55951
0.679252 -0.545899
0.705874 -0.531732
0.732186 -0.51702
0.758194 -0.501775
0.783903 -0.486009
0.80932 -0.469734
0.834452 -0.452961
0.859303 -0.435703
0.883881 -0.41797
0.908193 -0.399776
0.932243 -0.381131
0.956038 -0.362048
0.979585 -0.342539
1.00289 -0.322614
1.02596 -0.302287
1.0488 -0.281569
1.07141 -0.260472
1.09381 -0.239007
1.11599 -0.217186
1.13797 -0.195022
1.15976 -0.172525
1.18135 -0.149709
1.20275 -0.126584
1.22397 -0.103163
1.24502 -0.0794569
1.2659 -0.0554781
1.28662 -0.0312383
1.30719 -0.00674932
1.3276 0.0179771
1.34787 0.042929
1.36801 0.0680947
1.38802 0.0934623
1.4079 0.11902
1.42764 0.14476
1.44719 0.170683
1.46651 0.196787
1.48555 0.223073
1.50426 0.24954
1.52258 0.276189
1.54047 0.303019
1.55788 0.33003
1.57476 0.357221
1.59106 0.384593
1.60673 0.412146
1.62173 0.439878
1.636 0.467791
1.6495 0.495884
1.66217 0.524157
1.67397 0.552609
1.68484 0.58124
1.69475 0.610051
1.70363 0.63904
1.71144 0.668209
1.71814 0.697556
1.72366 0.727082
1.72797 0.756786
1.73101 0.786668
1.73274 0.816729
1.7331 0.846967
