0 1
0.599206 0.82407
1.07485 0.47981
1.34383 -0.0862573
1.37434 -0.70708
1.1834 -1.28931
0.810044 -1.77777
0.306295 -2.13467
-0.275727 -2.33457
-0.890668 -2.37782
-1.49653 -2.27105
-2.06341 -2.03014
-2.56575 -1.67426
-2.9847 -1.22385
-3.31039 -0.700997
-3.53399 -0.127802
-3.65276 0.475746
-3.66879 1.09131
-3.5844 1.70071
-3.40488 2.28885
-3.13857 2.84378
-2.79395 3.35371
-2.37993 3.8082
-1.90676 4.20122
-1.38497 4.52769
-0.825093 4.78256
-0.237338 4.96269
0.368645 5.0682
0.983257 5.09948
1.5969 5.05696
2.20078 4.94211
2.78775 4.75872
3.3509 4.51084
3.8833 4.20253
4.37831 3.838
4.8314 3.42253
5.23899 2.9619
5.59748 2.46187
5.90331 1.92824
6.15346 1.36678
6.34704 0.783296
6.48364 0.183608
6.56284 -0.426474
6.58421 -1.04113
6.54767 -1.65471
6.45472 -2.26234
6.30737 -2.85937
6.10763 -3.44118
5.85753 -4.00313
5.5591 -4.54061
5.21503 -5.04989
4.82872 -5.52813
4.4036 -5.97255
3.94312 -6.38037
3.4507 -6.7488
2.9298 -7.07517
2.3841 -7.35794
1.81742 -7.59632
1.23357 -7.78953
0.63638 -7.93678
0.0296689 -8.0373
-0.582754 -8.09034
-1.19732 -8.09601
-1.81068 -8.05523
-2.4195 -7.96894
-3.02046 -7.83809
-3.61021 -7.66362
-4.18541 -7.44648
-4.74294 -7.18782
-5.28035 -6.88958
-5.79538 -6.55388
-6.28577 -6.18285
-6.74927 -5.7786
-7.18362 -5.34325
-7.58655 -4.87894
-7.95615 -4.38792
-8.29136 -3.87276
-8.59125 -3.33609
-8.85489 -2.78055
-9.08135 -2.20877
-9.2697 -1.62337
-9.41901 -1.02698
-9.52853 -0.422227
-9.59837 0.188378
-9.62888 0.802332
-9.62038 1.41714
-9.57323 2.03029
-9.48777 2.63929
-9.36434 3.24164
-9.2033 3.83485
-9.0054 4.41667
-8.77192 4.98522
-8.50418 5.5386
-8.2035 6.07496
-7.87119 6.5924
-7.50858 7.08905
-7.11698 7.56304
-6.69772 8.0125
-6.25238 8.436
-5.7828 8.83255
-5.29084 9.20116
-4.77834 9.54088
-4.24716 9.85072
-3.69916 10.1297
-3.13619 10.3769
-2.5601 10.5913
-1.97277 10.7722
-1.37611 10.9195
-0.772035 11.0332
-0.162467 11.1134
0.450675 11.1599
1.06547 11.1727
1.68001 11.1519
2.29236 11.0975
2.90063 11.0094
3.50309 10.888
4.09815 10.7343
4.68424 10.5489
5.25979 10.3326
5.82321 10.0864
6.37294 9.81081
6.9074 9.50681
7.425 9.17514
7.9242 8.81662
8.40379 8.43234
8.86278 8.02362
9.30024 7.59177
9.71518 7.13811
10.1067 6.66395
10.4737 6.17062
10.8154 5.65942
11.1308 5.13168
11.4188 4.5887
11.6788 4.03188
11.9106 3.46267
12.1138 2.88258
12.2882 2.29309
12.4337 1.6957
12.5499 1.09189
12.6366 0.483145
12.6937 -0.129034
12.7208 -0.743162
12.7178 -1.35775
12.6848 -1.97141
12.6222 -2.5828
12.5305 -3.19059
12.4101 -3.79345
12.2615 -4.39006
12.085 -4.97909
11.8812 -5.5592
11.6504 -6.12906
11.3931 -6.68735
11.1098 -7.23275
10.8011 -7.76414
10.468 -8.2806
10.1114 -8.78122
9.73216 -9.26508
9.3313 -9.73127
8.90972 -10.1789
8.46834 -10.607
8.0081 -11.0146
7.52991 -11.401
7.03472 -11.7651
6.52349 -12.1061
5.99737 -12.4237
5.45751 -12.7175
4.90508 -12.9871
4.34123 -13.2321
3.76713 -13.4522
3.18393 -13.647
2.59279 -13.8162
1.99488 -13.9593
1.39136 -14.0761
0.78338 -14.1661
0.172091 -14.2292
-0.441386 -14.2656
-1.05593 -14.2755
-1.67041 -14.2591
-2.28372 -14.2165
-2.89474 -14.1479
-3.50233 -14.0536
-4.10538 -13.9337
-4.70277 -13.7884
-5.29337 -13.6179
-5.87607 -13.4224
-6.44983 -13.2023
-7.01376 -12.958
-7.56703 -12.6904
-8.10877 -12.3999
-8.63813 -12.0874
-9.15425 -11.7532
-9.65629 -11.3983
-10.1434 -11.023
-10.6147 -10.6282
-11.0693 -10.2144
-11.5065 -9.78234
-11.9253 -9.33257
-12.3252 -8.86596
-12.7058 -8.38339
-13.0666 -7.88578
-13.4072 -7.37402
-13.7271 -6.84901
-14.0259 -6.31166
-14.3031 -5.76287
-14.5584 -5.20353
-14.7913 -4.63455
-15.0013 -4.05683
-15.188 -3.47126
-15.351 -2.87876
-15.4902 -2.28025
-15.6057 -1.67668
-15.6975 -1.06897
-15.7655 -0.458078
-15.8098 0.155072
-15.8305 0.769538
-15.8274 1.38438
-15.8008 1.99866
-15.7504 2.61145
-15.6765 3.2218
-15.5789 3.82877
-15.4578 4.43144
-15.3134 5.02896
-15.1461 5.62052
-14.9563 6.20534
-14.7446 6.78261
-14.5112 7.35153
-14.2567 7.9113
-13.9814 8.46112
-13.6858 9.0002
-13.3703 9.52773
-13.0353 10.0429
-12.6812 10.545
-12.3084 11.033
-11.9175 11.5065
-11.5091 11.9648
-11.0839 12.4077
-10.6425 12.8345
-10.1857 13.245
-9.71404 13.6387
-9.22828 14.0152
-8.72909 14.374
-8.21714 14.7147
-7.69311 15.037
-7.15768 15.3403
-6.61152 15.6243
-6.05532 15.8886
-5.4898 16.1327
-4.91578 16.3563
-4.33408 16.5592
-3.74553 16.741
-3.15094 16.9014
-2.55116 17.0402
-1.94699 17.1569
-1.33928 17.2514
-0.728842 17.3232
-0.116502 17.3722
0.496912 17.3979
1.11058 17.4001
1.72366 17.3785
2.33539 17.333
2.94513 17.2642
3.55233 17.1732
4.15641 17.061
4.7568 16.9284
5.35294 16.7765
5.94425 16.6062
6.53016 16.4185
7.11011 16.2144
7.68351 15.9948
8.24982 15.7607
8.80844 15.513
9.35883 15.2527
9.90039 14.9808
10.4324 14.6971
10.9539 14.3996
11.4639 14.0864
11.9614 13.7553
12.4453 13.4043
12.9148 13.0314
13.3688 12.6345
13.8063 12.2115
14.2264 11.7605
14.628 11.2793
15.0101 10.7659
15.3718 10.2183
15.7121 9.63438
16.03 9.01219
16.3254 8.35432
16.6 7.6701
16.8552 6.96942
17.0928 6.26215
17.3143 5.55817
17.5213 4.86735
17.7155 4.19957
17.8984 3.56471
18.0717 2.97265
18.2369 2.43326
18.3957 1.95643
18.5497 1.55202
18.7004 1.22992
