1.73205 0.877383
1.73129 0.911234
1.72899 0.945023
1.72513 0.978667
1.71966 1.01208
1.71256 1.04519
1.70379 1.0779
1.69337 1.11013
1.68132 1.14178
1.66767 1.17278
1.65244 1.20304
1.63566 1.23245
1.61739 1.26097
1.5977 1.28853
1.57668 1.31508
1.55438 1.34058
1.5309 1.36497
1.5063 1.38822
1.48066 1.41033
1.45407 1.43129
1.4266 1.45109
1.39834 1.46973
1.36935 1.48721
1.3397 1.50354
1.30945 1.51873
1.27866 1.53278
1.24739 1.54571
1.2157 1.55753
1.18365 1.56826
1.15126 1.57793
1.11857 1.58657
1.08562 1.59422
1.05243 1.60091
1.01905 1.60668
0.985498 1.61155
0.951825 1.61549
0.918068 1.61846
0.884266 1.62042
0.850459 1.62133
0.816688 1.62115
0.782991 1.61983
0.749395 1.61739
0.715884 1.61397
0.682431 1.60973
0.649014 1.60487
0.615606 1.59955
0.582184 1.59394
0.548722 1.58821
0.515204 1.58252
0.481725 1.57661
0.448472 1.56992
0.415629 1.56187
0.383385 1.55189
0.351926 1.53941
0.32144 1.52386
0.292112 1.50467
0.26413 1.48126
0.237584 1.45358
0.212378 1.42255
0.188395 1.3892
0.165519 1.35456
0.143632 1.31968
0.122617 1.28559
0.102358 1.25332
0.0827368 1.22391
0.0636372 1.1984
0.044942 1.17781
0.0265341 1.16319
0.0082967 1.15557
-0.00988736 1.15593
-0.028135 1.1642
-0.0465633 1.17939
-0.0652892 1.20044
-0.0844297 1.22634
-0.104102 1.25604
-0.124422 1.28851
-0.145509 1.32272
-0.167478 1.35762
-0.190446 1.39218
-0.214531 1.42537
-0.23985 1.45615
-0.266519 1.48349
-0.294626 1.50651
-0.324062 1.52536
-0.354641 1.54062
-0.386176 1.55286
-0.418479 1.56264
-0.451365 1.57055
-0.484646 1.57715
-0.518135 1.58302
-0.55165 1.58871
-0.585107 1.59443
-0.618527 1.60003
-0.651935 1.60532
-0.685354 1.61013
-0.718811 1.6143
-0.752329 1.61764
-0.785933 1.61999
-0.819638 1.62121
-0.853414 1.6213
-0.887222 1.62029
-0.921022 1.61824
-0.954773 1.61519
-0.988436 1.61116
-1.02197 1.60621
-1.05534 1.60037
-1.08851 1.59359
-1.12144 1.58585
-1.1541 1.57712
-1.18646 1.56736
-1.21849 1.55654
-1.25014 1.54462
-1.28137 1.53159
-1.31212 1.51744
-1.34232 1.50216
-1.37191 1.48573
-1.40084 1.46815
-1.42904 1.4494
-1.45643 1.4295
-1.48294 1.40844
-1.50849 1.38623
-1.533 1.36288
-1.55638 1.33839
-1.57857 1.3128
-1.59948 1.28616
-1.61904 1.25851
-1.63719 1.22991
-1.65383 1.20042
-1.66892 1.1701
-1.68244 1.13904
-1.69435 1.10733
-1.70462 1.07505
-1.71324 1.04231
-1.7202 1.00917
-1.72553 0.975733
-1.72925 0.942074
-1.73142 0.908276
-1.73205 0.874423
-1.73118 0.840589
-1.72889 0.806827
-1.72521 0.773183
-1.72022 0.739704
-1.71398 0.706437
-1.70654 0.673429
-1.69796 0.64071
-1.68829 0.608296
-1.6776 0.576205
-1.66592 0.544453
-1.65333 0.513057
-1.63987 0.482031
-1.62558 0.451385
-1.61052 0.421119
-1.59471 0.391233
-1.57819 0.361727
-1.56101 0.332603
-1.5432 0.30386
-1.5248 0.275498
-1.50584 0.247513
-1.48634 0.219902
-1.46633 0.19266
-1.44583 0.165783
-1.42487 0.139266
-1.40347 0.113106
-1.38166 0.0872975
-1.35946 0.0618318
-1.33688 0.0366993
-1.31394 0.01189
-1.29066 -0.0126058
-1.26706 -0.0367979
-1.24315 -0.0606962
-1.21895 -0.0843104
-1.19448 -0.107646
-1.16974 -0.130702
-1.14475 -0.153475
-1.11951 -0.175962
-1.09403 -0.19816
-1.06832 -0.220066
-1.04238 -0.241677
-1.01624 -0.26299
-0.989889 -0.284012
-0.963356 -0.304782
-0.936655 -0.325344
-0.909807 -0.345742
-0.882828 -0.366021
-0.855737 -0.386226
-0.828553 -0.406402
-0.801293 -0.426592
-0.773977 -0.44684
-0.746603 -0.467118
-0.71915 -0.487322
-0.691597 -0.507341
-0.663921 -0.527067
-0.636101 -0.546391
-0.608114 -0.565202
-0.57994 -0.583391
-0.551554 -0.60085
-0.522939 -0.617475
-0.494141 -0.633414
-0.46529 -0.649109
-0.436521 -0.665023
-0.407968 -0.681616
-0.379765 -0.699351
-0.352047 -0.718689
-0.324948 -0.740091
-0.298603 -0.764019
-0.273147 -0.790936
-0.248685 -0.821136
-0.225188 -0.854055
-0.202577 -0.888848
-0.180775 -0.92467
-0.159705 -0.960676
-0.139289 -0.99602
-0.11945 -1.02986
-0.10011 -1.06134
-0.081193 -1.08963
-0.0626204 -1.11387
-0.0443153 -1.13323
-0.0262002 -1.14686
-0.00819784 -1.1539
0.00976925 -1.15357
0.0277784 -1.14591
0.045907 -1.13175
0.0642324 -1.11194
0.082832 -1.0873
0.101783 -1.0587
0.121163 -1.02698
0.14105 -0.992978
0.16152 -0.957542
0.182651 -0.921519
0.204521 -0.885753
0.227206 -0.85109
0.250784 -0.818375
0.275333 -0.788451
0.300873 -0.761815
0.32729 -0.738126
0.354448 -0.716922
0.382213 -0.697743
0.410452 -0.680127
0.43903 -0.663611
0.467811 -0.647735
0.496663 -0.632037
0.52545 -0.616055
0.554045 -0.599355
0.582411 -0.581828
0.610568 -0.56358
0.63854 -0.54472
0.666346 -0.525357
0.69401 -0.505601
0.721554 -0.485561
0.748999 -0.465347
0.776367 -0.445067
0.803679 -0.424825
0.830933 -0.404638
0.858109 -0.384461
0.885191 -0.364252
0.912159 -0.343964
0.938996 -0.323553
0.965682 -0.302975
0.9922 -0.282185
1.01853 -0.261139
1.04466 -0.239799
1.07057 -0.218162
1.09626 -0.196231
1.12172 -0.174007
1.14694 -0.151495
1.17192 -0.128698
1.19663 -0.105617
1.22108 -0.082257
1.24525 -0.0586183
1.26914 -0.0346947
1.29271 -0.0104764
1.31596 0.0140464
1.33887 0.0388835
1.36142 0.0640448
1.38358 0.0895401
1.40536 0.115379
1.42672 0.14157
1.44764 0.168118
1.4681 0.195027
1.48807 0.222301
1.50752 0.249945
1.52643 0.277962
1.54478 0.306358
1.56254 0.335134
1.57966 0.364292
1.59612 0.39383
1.61187 0.42375
1.62686 0.454049
1.64108 0.484729
1.65447 0.515787
1.66698 0.547215
1.67857 0.578998
1.68918 0.611118
1.69875 0.643558
1.70724 0.676304
1.71457 0.709336
1.72071 0.742623
1.72559 0.776119
1.72914 0.809775
1.73132 0.843545
