0 1
0.587378 0.864004
1.05883 0.487807
1.33384 -0.0496984
1.38137 -0.652196
1.21223 -1.23298
0.862955 -1.72741
0.381291 -2.0947
-0.183502 -2.31436
-0.786017 -2.38141
-1.38718 -2.30174
-1.95502 -2.0885
-2.46461 -1.75928
-2.89743 -1.33403
-3.24073 -0.833595
-3.48664 -0.278713
-3.63148 0.310744
-3.67502 0.916224
-3.61985 1.5208
-3.47079 2.10934
-3.23444 2.66861
-2.9187 3.18725
-2.53245 3.65578
-2.08517 4.06649
-1.58675 4.4134
-1.04718 4.69206
-0.476423 4.89955
0.115766 5.03426
0.719973 5.09578
1.32722 5.08483
1.92904 5.00305
2.51758 4.85296
3.08556 4.63779
3.62643 4.3614
4.13425 4.02816
4.60383 3.64288
5.03061 3.21067
5.41077 2.73691
5.74111 2.22716
6.01911 1.68707
6.24286 1.12234
6.41104 0.538632
6.52289 -0.0584348
6.57822 -0.66337
6.5773 -1.27084
6.52087 -1.87568
6.41012 -2.47297
6.24662 -3.05803
6.03227 -3.62645
5.76933 -4.17408
5.46031 -4.69711
5.108 -5.192
4.71537 -5.65558
4.28559 -6.08493
3.822 -6.47754
3.32801 -6.83116
2.80718 -7.14389
2.26309 -7.41415
1.69939 -7.64068
1.11971 -7.82249
0.527709 -7.95893
-0.0730083 -8.04962
-0.678877 -8.09444
-1.28641 -8.09358
-1.89218 -8.04742
-2.49289 -7.95662
-3.08534 -7.82207
-3.66644 -7.64482
-4.23328 -7.42619
-4.78304 -7.1676
-5.3131 -6.87071
-5.82098 -6.53729
-6.30436 -6.16925
-6.76111 -5.76863
-7.18925 -5.33758
-7.58702 -4.87835
-7.9528 -4.39324
-8.28516 -3.88465
-8.58285 -3.35503
-8.84481 -2.80685
-9.07015 -2.24263
-9.25815 -1.66489
-9.40828 -1.07617
-9.52016 -0.479001
-9.59358 0.124109
-9.6285 0.730667
-9.62502 1.33822
-9.5834 1.94436
-9.50405 2.54672
-9.38749 3.143
-9.23442 3.73098
-9.04562 4.30846
-8.82202 4.87339
-8.56462 5.42375
-8.27459 5.95763
-7.95314 6.47319
-7.60159 6.96874
-7.22135 7.44262
-6.8139 7.89332
-6.38078 8.31942
-5.92362 8.71961
-5.44407 9.09268
-4.94385 9.43755
-4.42471 9.75322
-3.88845 10.0388
-3.33686 10.2936
-2.7718 10.5169
-2.1951 10.7082
-1.60864 10.867
-1.01427 10.993
-0.413843 11.086
0.190786 11.1458
0.797784 11.1725
1.40534 11.1662
2.01165 11.1269
2.61498 11.055
3.21357 10.9509
3.80575 10.8149
4.38986 10.6476
4.9643 10.4497
5.52752 10.2217
6.078 9.96458
6.61432 9.67904
7.13506 9.36599
7.6389 9.02642
8.12457 8.66132
8.59087 8.2718
9.03666 7.85894
9.46086 7.42395
9.86248 6.96801
10.2406 6.49239
10.5943 5.99838
10.9228 5.48727
11.2255 4.96043
11.5017 4.41921
11.7507 3.86499
11.9721 3.29919
12.1656 2.7232
12.3306 2.13844
12.467 1.54635
12.5745 0.948332
12.653 0.345822
12.7024 -0.259766
12.7227 -0.867029
12.7139 -1.47457
12.6763 -2.081
12.61 -2.68497
12.5151 -3.28513
12.3922 -3.88016
12.2415 -4.46877
12.0634 -5.04969
11.8584 -5.62169
11.6272 -6.18355
11.3701 -6.73412
11.088 -7.27226
10.7815 -7.79687
10.4513 -8.30691
10.0981 -8.80134
9.72285 -9.27921
9.32631 -9.73959
8.90939 -10.1816
8.47299 -10.6044
8.01806 -11.0071
7.54558 -11.3892
7.05653 -11.7497
6.55195 -12.0882
6.03287 -12.4041
5.50035 -12.6967
4.95547 -12.9655
4.39932 -13.2103
3.833 -13.4304
3.25761 -13.6257
2.67429 -13.7957
2.08414 -13.9403
1.4883 -14.0593
0.887882 -14.1526
0.284018 -14.2199
-0.322179 -14.2614
-0.929591 -14.2769
-1.53711 -14.2666
-2.14365 -14.2305
-2.74812 -14.1687
-3.34944 -14.0815
-3.94657 -13.9691
-4.53846 -13.8318
-5.12408 -13.6698
-5.70244 -13.4836
-6.27255 -13.2734
-6.83346 -13.0398
-7.38424 -12.7832
-7.92395 -12.5041
-8.45173 -12.203
-8.96673 -11.8806
-9.46809 -11.5373
-9.95505 -11.1739
-10.4268 -10.791
-10.8827 -10.3892
-11.3219 -9.96936
-11.7438 -9.53211
-12.1478 -9.07823
-12.5332 -8.60851
-12.8995 -8.12373
-13.2462 -7.62471
-13.5727 -7.11228
-13.8786 -6.58728
-14.1634 -6.05058
-14.4269 -5.50303
-14.6685 -4.94553
-14.888 -4.37895
-15.0851 -3.8042
-15.2596 -3.22217
-15.4113 -2.63378
-15.5399 -2.03994
-15.6454 -1.44154
-15.7276 -0.839508
-15.7864 -0.234748
-15.8219 0.371831
-15.8341 0.979327
-15.8229 1.58684
-15.7885 2.19349
-15.731 2.79837
-15.6505 3.40063
-15.5471 3.9994
-15.4211 4.5938
-15.2727 5.18303
-15.1022 5.76623
-14.9098 6.3426
-14.6959 6.91133
-14.4609 7.47166
-14.2051 8.02279
-13.9289 8.56401
-13.6327 9.09457
-13.3171 9.61376
-12.9824 10.1209
-12.6292 10.6153
-12.258 11.0964
-11.8693 11.5634
-11.4638 12.0159
-11.0419 12.4532
-10.6044 12.8748
-10.1517 13.2802
-9.68461 13.6688
-9.20369 14.0402
-8.70962 14.3939
-8.20309 14.7295
-7.68477 15.0466
-7.15536 15.3448
-6.61558 15.6238
-6.06614 15.8832
-5.50776 16.1229
-4.94118 16.3424
-4.36714 16.5416
-3.78638 16.7202
-3.19964 16.8782
-2.60767 17.0152
-2.01123 17.1313
-1.41106 17.2262
-0.807929 17.2999
-0.202577 17.3524
0.404242 17.3836
1.01178 17.3936
1.61931 17.3824
2.22606 17.3499
2.83133 17.2964
3.43437 17.222
4.03447 17.1266
4.63091 17.0106
5.22299 16.8741
5.81003 16.7172
6.39131 16.5402
6.96619 16.3435
7.53399 16.1271
8.09406 15.8914
8.64576 15.6368
9.18847 15.3636
9.72159 15.072
10.2445 14.7626
10.7566 14.4356
11.2574 14.0914
11.7463 13.7306
12.2228 13.3536
12.6863 12.9607
13.1364 12.5525
13.5725 12.1294
13.9943 11.692
14.4013 11.2408
14.7931 10.7763
15.1692 10.2991
15.5293 9.80957
15.8727 9.30838
16.1991 8.79603
16.5084 8.27318
16.8009 7.74053
17.0767 7.19879
17.3353 6.6485
17.5748 6.08988
17.7933 5.52315
17.989 4.94858
18.165 4.36756
18.328 3.78223
