0 1
0.189049 0.328723
0.356091 -0.321746
0.479115 -0.920923
0.536115 -1.43832
0.505081 -1.84346
0.364006 -2.10585
0.0997212 -2.20405
-0.267896 -2.1504
-0.71125 -1.96512
-1.20275 -1.66843
-1.71479 -1.28058
-2.21979 -0.821787
-2.69014 -0.312276
-3.09826 0.227722
-3.41654 0.77798
-3.61739 1.31827
-3.6772 1.83009
-3.599 2.30652
-3.39673 2.74537
-3.08437 3.14446
-2.6759 3.50162
-2.1853 3.8147
-1.62655 4.0815
-1.01364 4.29986
-0.360539 4.46761
0.318772 4.58258
1.01031 4.64259
1.7001 4.64548
2.37415 4.58907
3.01849 4.47119
3.61914 4.28967
4.16222 4.04239
4.63975 3.73028
5.05284 3.35895
5.40336 2.93441
5.69322 2.4627
5.92429 1.94981
6.09846 1.40178
6.21761 0.824606
6.28362 0.224319
6.29838 -0.393068
6.26378 -1.02154
6.1817 -1.65508
6.05402 -2.28766
5.88262 -2.91328
5.6694 -3.52592
5.41624 -4.11956
5.12502 -4.68818
4.79762 -5.22576
4.43593 -5.7263
4.04184 -6.18377
3.61722 -6.59215
3.16397 -6.94546
2.6843 -7.24023
2.18108 -7.47792
1.65723 -7.66054
1.11568 -7.79009
0.55936 -7.86858
-0.00879433 -7.89803
-0.585855 -7.88044
-1.16889 -7.81782
-1.75498 -7.71219
-2.34118 -7.56553
-2.92456 -7.37988
-3.5022 -7.15724
-4.07117 -6.8996
-4.62853 -6.609
-5.17135 -6.28742
-5.69671 -5.93689
-6.20167 -5.55941
-6.68331 -5.15699
-7.13869 -4.73164
-7.56488 -4.28537
-7.95895 -3.82018
-8.31798 -3.33809
-8.63903 -2.8411
-8.91917 -2.33123
-9.15547 -1.81047
-9.345 -1.28085
-9.48492 -0.744364
-9.5746 -0.202757
-9.61577 0.342479
-9.61028 0.889868
-9.56 1.43794
-9.46677 1.9852
-9.33244 2.5302
-9.15886 3.07144
-8.94789 3.60746
-8.70138 4.13678
-8.42118 4.65793
-8.10914 5.16942
-7.76712 5.66978
-7.39696 6.15754
-7.00052 6.63122
-6.57966 7.08935
-6.13621 7.53044
-5.67204 7.95303
-5.189 8.35564
-4.68893 8.73679
-4.1737 9.09501
-3.64515 9.42882
-3.10513 9.73675
-2.5555 10.0173
-1.99811 10.269
-1.4348 10.4905
-0.867445 10.6801
-0.297881 10.8365
0.272037 10.9581
0.840456 11.0435
1.40552 11.0912
1.96539 11.0998
2.5182 11.0677
3.06229 10.994
3.5968 10.8796
4.12113 10.7261
4.63468 10.5352
5.13684 10.3085
5.62699 10.0475
6.10454 9.7539
6.56887 9.42927
7.01938 9.07521
7.45546 8.69334
7.87651 8.28525
8.28191 7.85256
8.67107 7.39686
9.04336 6.91977
9.39819 6.42289
9.73496 5.90781
10.053 5.37616
10.3518 4.82952
10.6307 4.26951
10.8891 3.69774
11.1264 3.1158
11.342 2.5253
11.5353 1.92784
11.7056 1.32504
11.8524 0.718491
11.9751 0.109803
12.073 -0.499419
12.1456 -1.10757
12.1921 -1.71305
12.2122 -2.31425
12.205 -2.90956
12.1701 -3.49739
12.1067 -4.07612
12.0144 -4.64415
11.8924 -5.19987
11.7403 -5.74169
11.5573 -6.268
11.3429 -6.77719
11.0966 -7.26773
10.8189 -7.73899
10.5112 -8.19095
10.1748 -8.62359
9.81102 -9.03687
9.42126 -9.43078
9.00682 -9.8053
8.56905 -10.1604
8.10927 -10.4961
7.62883 -10.8123
7.12906 -11.109
6.6113 -11.3862
6.07689 -11.6439
5.52716 -11.8821
4.96345 -12.1007
4.3871 -12.2997
3.79945 -12.4791
3.20182 -12.6388
2.59557 -12.779
1.98202 -12.8994
1.36251 -13.0001
0.738386 -13.0811
0.110976 -13.1424
-0.51838 -13.1839
-1.14835 -13.2057
-1.77758 -13.2076
-2.40476 -13.1897
-3.02853 -13.152
-3.64756 -13.0943
-4.26052 -13.0168
-4.86606 -12.9194
-5.46285 -12.802
-6.04956 -12.6647
-6.62484 -12.5074
-7.18736 -12.3301
-7.73579 -12.1328
-8.26878 -11.9154
-8.78499 -11.678
-9.2831 -11.4205
-9.76176 -11.1429
-10.2196 -10.8451
-10.6554 -10.5272
-11.0677 -10.1891
-11.4552 -9.83083
-11.8166 -9.45236
-12.1517 -9.05419
-12.4607 -8.6372
-12.7443 -8.20228
-13.0029 -7.75032
-13.2368 -7.28223
-13.4467 -6.79889
-13.633 -6.30119
-13.7961 -5.79003
-13.9365 -5.2663
-14.0547 -4.73089
-14.1512 -4.1847
-14.2263 -3.62862
-14.2806 -3.06354
-14.3146 -2.49036
-14.3287 -1.90996
-14.3234 -1.32324
-14.2991 -0.7311
-14.2563 -0.134424
-14.1955 0.465893
-14.1172 1.06896
-14.0218 1.67388
-13.9098 2.27976
-13.7816 2.88571
-13.6377 3.49083
-13.4787 4.09424
-13.3049 4.69504
-13.1168 5.29233
-12.9149 5.88523
-12.6996 6.47284
-12.4715 7.05427
-12.231 7.62863
-11.9785 8.19501
-11.7146 8.75254
-11.4396 9.30031
-11.1541 9.83744
-10.8586 10.363
-10.5534 10.8762
-10.2391 11.376
-9.91616 11.8616
-9.58499 12.3321
-9.24609 12.7866
-8.89992 13.2242
-8.54695 13.644
-8.18765 14.0452
-7.82249 14.4267
-7.45193 14.7878
-7.07643 15.1275
-6.69648 15.445
-6.31253 15.7393
-5.92503 16.0097
-5.53418 16.2559
-5.14006 16.4782
-4.74272 16.677
-4.34221 16.8524
-3.93861 17.0047
-3.53197 17.1342
-3.12235 17.2411
-2.70982 17.3258
-2.29443 17.3884
-1.87624 17.4292
-1.45532 17.4486
-1.03173 17.4467
-0.605525 17.4238
-0.176768 17.3802
0.254479 17.3161
0.688157 17.2319
1.1242 17.1277
1.56256 17.0039
2.00317 16.8607
2.44596 16.6983
2.89087 16.517
3.33786 16.3172
3.78685 16.099
4.23778 15.8627
4.6906 15.6085
5.14524 15.3368
5.60164 15.0479
6.05974 14.7418
6.51948 14.419
6.98081 14.0797
7.44365 13.7242
7.90795 13.3526
8.37364 12.9654
8.84068 12.5626
9.30899 12.1447
9.77851 11.7119
10.2492 11.2644
10.721 10.8024
11.1938 10.3264
11.6675 9.83639
12.1422 9.33282
12.6178 8.81589
13.0941 8.28587
13.5712 7.74301
14.0489 7.18759
14.5272 6.61987
15.0061 6.0401
15.4855 5.44855
15.9653 4.84549
16.4454 4.23117
16.9259 3.60587
17.4066 2.96984
17.8875 2.32334
18.3685 1.66664
