1.73205 0.877383
1.73123 0.911229
1.72904 0.945007
1.72514 0.97864
1.71967 1.01205
1.71257 1.04515
1.70381 1.07785
1.69341 1.11007
1.68138 1.14172
1.66773 1.1727
1.6525 1.20293
1.63573 1.23234
1.61748 1.26086
1.59781 1.28841
1.5768 1.31496
1.55451 1.34044
1.53103 1.36483
1.50644 1.3881
1.48081 1.41022
1.45423 1.43118
1.42677 1.45099
1.39851 1.46962
1.36951 1.4871
1.33986 1.50343
1.3096 1.51862
1.2788 1.53269
1.24753 1.54564
1.21582 1.5575
1.18373 1.56828
1.1513 1.57801
1.11858 1.5867
1.0856 1.59436
1.05241 1.60102
1.01903 1.60669
0.985504 1.61139
0.951856 1.61512
0.918117 1.61792
0.884313 1.61978
0.850472 1.62072
0.816617 1.62075
0.782773 1.61988
0.748965 1.61812
0.715214 1.61546
0.681545 1.61192
0.64798 1.6075
0.614543 1.60219
0.581258 1.59601
0.54815 1.58893
0.515245 1.58096
0.482572 1.57209
0.45016 1.56231
0.418042 1.5516
0.386251 1.53996
0.354833 1.52734
0.323839 1.5137
0.293315 1.49903
0.2633 1.4834
0.233877 1.46672
0.205215 1.4486
0.17745 1.42883
0.150514 1.40824
0.1243 1.38791
0.0992722 1.36667
0.0765538 1.3408
0.0572423 1.30675
0.0414435 1.26613
0.0284601 1.22473
0.0175718 1.18844
0.00805836 1.16316
-0.000800569 1.15479
-0.00972525 1.16669
-0.019436 1.19442
-0.030653 1.23208
-0.0440967 1.27378
-0.0604873 1.31362
-0.0804769 1.34604
-0.103703 1.37078
-0.129027 1.39159
-0.155375 1.41201
-0.182453 1.43253
-0.210383 1.45204
-0.239198 1.46986
-0.26874 1.48633
-0.298851 1.50178
-0.329464 1.51627
-0.360539 1.52972
-0.392029 1.54215
-0.423882 1.55363
-0.456056 1.56417
-0.488518 1.57378
-0.521236 1.58249
-0.55418 1.59029
-0.587322 1.5972
-0.620637 1.60323
-0.654099 1.60837
-0.687685 1.61263
-0.721371 1.61601
-0.755134 1.6185
-0.788951 1.62011
-0.822798 1.62081
-0.856652 1.62062
-0.890489 1.61951
-0.924282 1.61748
-0.958007 1.61451
-0.991635 1.6106
-1.02514 1.60573
-1.05848 1.59988
-1.09164 1.59304
-1.12457 1.58519
-1.15724 1.57631
-1.18961 1.56639
-1.22164 1.55542
-1.25327 1.54336
-1.28446 1.5302
-1.31517 1.51593
-1.34532 1.50054
-1.37486 1.484
-1.40372 1.46631
-1.43184 1.44746
-1.45915 1.42744
-1.48556 1.40627
-1.51101 1.38394
-1.53541 1.36046
-1.55867 1.33587
-1.58073 1.31019
-1.60151 1.28346
-1.62092 1.25572
-1.6389 1.22704
-1.65539 1.19747
-1.67034 1.16709
-1.6837 1.13599
-1.69544 1.10423
-1.70553 1.07192
-1.71399 1.03913
-1.72079 1.00597
-1.72597 0.972514
-1.72954 0.938848
-1.73155 0.905053
-1.73203 0.871201
-1.73102 0.837361
-1.72859 0.803594
-1.72479 0.769953
-1.71968 0.736487
-1.71331 0.703237
-1.70575 0.670238
-1.69705 0.63752
-1.68727 0.605108
-1.67647 0.573024
-1.6647 0.541282
-1.65201 0.509898
-1.63844 0.478879
-1.62406 0.448234
-1.60889 0.417968
-1.59298 0.388084
-1.57638 0.358583
-1.55911 0.329465
-1.54121 0.300728
-1.52272 0.272371
-1.50366 0.24439
-1.48407 0.216782
-1.46397 0.189542
-1.44338 0.162664
-1.42234 0.136145
-1.40086 0.109977
-1.37897 0.0841554
-1.35668 0.0586735
-1.33402 0.033525
-1.311 0.0087034
-1.28764 -0.015798
-1.26396 -0.0399861
-1.23996 -0.0638676
-1.21567 -0.0874497
-1.1911 -0.110739
-1.16627 -0.133744
-1.14118 -0.15647
-1.11584 -0.178926
-1.09028 -0.201118
-1.0645 -0.223055
-1.0385 -0.244744
-1.01231 -0.266193
-0.985933 -0.28741
-0.959375 -0.308403
-0.932649 -0.329181
-0.905763 -0.349752
-0.878728 -0.370126
-0.851552 -0.390312
-0.824244 -0.41032
-0.796814 -0.43016
-0.769271 -0.449842
-0.741625 -0.469379
-0.713885 -0.488782
-0.68606 -0.508064
-0.658162 -0.527239
-0.6302 -0.546322
-0.602186 -0.565328
-0.574132 -0.584275
-0.546051 -0.603181
-0.517956 -0.622066
-0.489863 -0.640954
-0.461789 -0.659872
-0.433751 -0.678845
-0.405772 -0.697899
-0.377872 -0.717065
-0.350085 -0.736403
-0.322449 -0.755976
-0.294993 -0.7758
-0.267744 -0.795843
-0.240755 -0.816175
-0.214166 -0.837154
-0.188119 -0.859135
-0.162611 -0.881728
-0.137526 -0.903962
-0.112913 -0.925489
-0.0896477 -0.94908
-0.0688562 -0.978453
-0.0514053 -1.01596
-0.0369753 -1.05769
-0.0249071 -1.09793
-0.0145416 -1.13099
-0.00521988 -1.15116
0.00371726 -1.15287
0.0129289 -1.13541
0.023074 -1.10411
0.0348117 -1.06467
0.0488011 -1.02279
0.0657013 -0.984186
0.0859701 -0.953486
0.1089 -0.929187
0.133366 -0.907574
0.158393 -0.885496
0.183821 -0.862894
0.209772 -0.840752
0.23628 -0.819626
0.263212 -0.799213
0.290424 -0.779135
0.317847 -0.759273
0.345455 -0.739656
0.373219 -0.720283
0.401102 -0.701093
0.42907 -0.682023
0.457099 -0.663038
0.485169 -0.644113
0.51326 -0.625222
0.541356 -0.606338
0.569441 -0.587437
0.5975 -0.568498
0.625521 -0.549503
0.653493 -0.530435
0.681402 -0.511276
0.70924 -0.492013
0.736995 -0.472631
0.764658 -0.453117
0.792219 -0.43346
0.819668 -0.413647
0.846997 -0.393668
0.874195 -0.373513
0.901255 -0.353171
0.928166 -0.332633
0.95492 -0.31189
0.981506 -0.290934
1.00792 -0.269755
1.03414 -0.248345
1.06017 -0.226697
1.08599 -0.204802
1.11159 -0.182653
1.13696 -0.160242
1.16209 -0.137561
1.18697 -0.114604
1.21159 -0.0913623
1.23592 -0.0678296
1.25997 -0.0439986
1.2837 -0.0198623
1.30712 0.0045863
1.3302 0.0293539
1.35292 0.0544473
1.37527 0.079873
1.39723 0.105637
1.41878 0.131747
1.4399 0.158207
1.46056 0.185024
1.48074 0.212204
1.50042 0.23975
1.51957 0.267668
1.53816 0.295962
1.55616 0.324635
1.57353 0.353689
1.59025 0.383127
1.60628 0.412947
1.62157 0.443149
1.63609 0.473731
1.6498 0.504688
1.66264 0.536012
1.67457 0.567694
1.68554 0.599723
1.69549 0.632081
1.70438 0.664749
1.71213 0.697703
1.7187 0.730914
1.72406 0.764345
1.72798 0.797965
