-5 0.0384615
-4.96667 0.0389594
-4.93333 0.0394668
-4.9 0.039984
-4.86667 0.0405113
-4.83333 0.041049
-4.8 0.0415973
-4.76667 0.0421565
-4.73333 0.0427269
-4.7 0.0433088
-4.66667 0.0439024
-4.63333 0.0445082
-4.6 0.0451264
-4.56667 0.0457573
-4.53333 0.0464013
-4.5 0.0470588
-4.46667 0.0477302
-4.43333 0.0484157
-4.4 0.0491159
-4.36667 0.0498311
-4.33333 0.0505618
-4.3 0.0513084
-4.26667 0.0520713
-4.23333 0.052851
-4.2 0.0536481
-4.16667 0.0544629
-4.13333 0.0552961
-4.1 0.0561482
-4.06667 0.0570198
-4.03333 0.0579113
-4 0.0588235
-3.96667 0.059757
-3.93333 0.0607124
-3.9 0.0616903
-3.86667 0.0626916
-3.83333 0.0637168
-3.8 0.0647668
-3.76667 0.0658424
-3.73333 0.0669444
-3.7 0.0680735
-3.66667 0.0692308
-3.63333 0.070417
-3.6 0.0716332
-3.56667 0.0728804
-3.53333 0.0741595
-3.5 0.0754717
-3.46667 0.076818
-3.43333 0.0781997
-3.4 0.0796178
-3.36667 0.0810738
-3.33333 0.0825688
-3.3 0.0841043
-3.26667 0.0856816
-3.23333 0.0873024
-3.2 0.088968
-3.16667 0.0906801
-3.13333 0.0924404
-3.1 0.0942507
-3.06667 0.0961128
-3.03333 0.0980285
-3 0.1
-2.96667 0.102029
-2.93333 0.104118
-2.9 0.10627
-2.86667 0.108486
-2.83333 0.110769
-2.8 0.113122
-2.76667 0.115548
-2.73333 0.118048
-2.7 0.120627
-2.66667 0.123288
-2.63333 0.126033
-2.6 0.128866
-2.56667 0.131791
-2.53333 0.134811
-2.5 0.137931
-2.46667 0.141154
-2.43333 0.144485
-2.4 0.147929
-2.36667 0.15149
-2.33333 0.155172
-2.3 0.158983
-2.26667 0.162925
-2.23333 0.167007
-2.2 0.171233
-2.16667 0.17561
-2.13333 0.180144
-2.1 0.184843
-2.06667 0.189713
-2.03333 0.194763
-2 0.2
-1.96667 0.205433
-1.93333 0.211069
-1.9 0.21692
-1.86667 0.222993
-1.83333 0.229299
-1.8 0.235849
-1.76667 0.242653
-1.73333 0.249723
-1.7 0.257069
-1.66667 0.264706
-1.63333 0.272645
-1.6 0.280899
-1.56667 0.289482
-1.53333 0.298408
-1.5 0.307692
-1.46667 0.317348
-1.43333 0.327392
-1.4 0.337838
-1.36667 0.348702
-1.33333 0.36
-1.3 0.371747
-1.26667 0.383959
-1.23333 0.396651
-1.2 0.409836
-1.16667 0.423529
-1.13333 0.437743
-1.1 0.452489
-1.06667 0.467775
-1.03333 0.483611
-1 0.5
-0.966667 0.516944
-0.933333 0.534442
-0.9 0.552486
-0.866667 0.571066
-0.833333 0.590164
-0.8 0.609756
-0.766667 0.629811
-0.733333 0.650289
-0.7 0.671141
-0.666667 0.692308
-0.633333 0.713719
-0.6 0.735294
-0.566667 0.756939
-0.533333 0.778547
-0.5 0.8
-0.466667 0.821168
-0.433333 0.841908
-0.4 0.862069
-0.366667 0.881489
-0.333333 0.9
-0.3 0.917431
-0.266667 0.93361
-0.233333 0.948367
-0.2 0.961538
-0.166667 0.972973
-0.133333 0.982533
-0.1 0.990099
-0.0666667 0.995575
-0.0333333 0.99889
0 1
0.0333333 0.99889
0.0666667 0.995575
0.1 0.990099
0.133333 0.982533
0.166667 0.972973
0.2 0.961538
0.233333 0.948367
0.266667 0.93361
0.3 0.917431
0.333333 0.9
0.366667 0.881489
0.4 0.862069
0.433333 0.841908
0.466667 0.821168
0.5 0.8
0.533333 0.778547
0.566667 0.756939
0.6 0.735294
0.633333 0.713719
0.666667 0.692308
0.7 0.671141
0.733333 0.650289
0.766667 0.629811
0.8 0.609756
0.833333 0.590164
0.866667 0.571066
0.9 0.552486
0.933333 0.534442
0.966667 0.516944
1 0.5
1.03333 0.483611
1.06667 0.467775
1.1 0.452489
1.13333 0.437743
1.16667 0.423529
1.2 0.409836
1.23333 0.396651
1.26667 0.383959
1.3 0.371747
1.33333 0.36
1.36667 0.348702
1.4 0.337838
1.43333 0.327392
1.46667 0.317348
1.5 0.307692
1.53333 0.298408
1.56667 0.289482
1.6 0.280899
1.63333 0.272645
1.66667 0.264706
1.7 0.257069
1.73333 0.249723
1.76667 0.242653
1.8 0.235849
1.83333 0.229299
1.86667 0.222993
1.9 0.21692
1.93333 0.211069
1.96667 0.205433
2 0.2
2.03333 0.194763
2.06667 0.189713
2.1 0.184843
2.13333 0.180144
2.16667 0.17561
2.2 0.171233
2.23333 0.167007
2.26667 0.162925
2.3 0.158983
2.33333 0.155172
2.36667 0.15149
2.4 0.147929
2.43333 0.144485
2.46667 0.141154
2.5 0.137931
2.53333 0.134811
2.56667 0.131791
2.6 0.128866
2.63333 0.126033
2.66667 0.123288
2.7 0.120627
2.73333 0.118048
2.76667 0.115548
2.8 0.113122
2.83333 0.110769
2.86667 0.108486
2.9 0.10627
2.93333 0.104118
2.96667 0.102029
3 0.1
3.03333 0.0980285
3.06667 0.0961128
3.1 0.0942507
3.13333 0.0924404
3.16667 0.0906801
3.2 0.088968
3.23333 0.0873024
3.26667 0.0856816
3.3 0.0841043
3.33333 0.0825688
3.36667 0.0810738
3.4 0.0796178
3.43333 0.0781997
3.46667 0.076818
3.5 0.0754717
3.53333 0.0741595
3.56667 0.0728804
3.6 0.0716332
3.63333 0.070417
3.66667 0.0692308
3.7 0.0680735
3.73333 0.0669444
3.76667 0.0658424
3.8 0.0647668
3.83333 0.0637168
3.86667 0.0626916
3.9 0.0616903
3.93333 0.0607124
3.96667 0.059757
4 0.0588235
4.03333 0.0579113
4.06667 0.0570198
4.1 0.0561482
4.13333 0.0552961
4.16667 0.0544629
4.2 0.0536481
4.23333 0.052851
4.26667 0.0520713
4.3 0.0513084
4.33333 0.0505618
4.36667 0.0498311
4.4 0.0491159
4.43333 0.0484157
4.46667 0.0477302
4.5 0.0470588
4.53333 0.0464013
4.56667 0.0457573
4.6 0.0451264
4.63333 0.0445082
4.66667 0.0439024
4.7 0.0433088
4.73333 0.0427269
4.76667 0.0421565
4.8 0.0415973
4.83333 0.041049
4.86667 0.0405113
4.9 0.039984
4.93333 0.0394668
4.96667 0.0389594
5 0.0384615
