-5 0.0384615
-4.96667 0.0389501
-4.93333 0.0394508
-4.9 0.0399636
-4.86667 0.0404884
-4.83333 0.0410253
-4.8 0.0415743
-4.76667 0.0421354
-4.73333 0.0427086
-4.7 0.0432938
-4.66667 0.0438911
-4.63333 0.0445005
-4.6 0.045122
-4.56667 0.0457555
-4.53333 0.0464011
-4.5 0.0470588
-4.46667 0.0477286
-4.43333 0.0484105
-4.4 0.0491044
-4.36667 0.0498104
-4.33333 0.0505285
-4.3 0.0512587
-4.26667 0.0520009
-4.23333 0.0527552
-4.2 0.0535216
-4.16667 0.0543001
-4.13333 0.0550907
-4.1 0.0558933
-4.06667 0.056708
-4.03333 0.0575348
-4 0.0583737
-3.96667 0.0592383
-3.93333 0.0601422
-3.9 0.0610854
-3.86667 0.062068
-3.83333 0.0630898
-3.8 0.0641511
-3.76667 0.0652516
-3.73333 0.0663915
-3.7 0.0675707
-3.66667 0.0687892
-3.63333 0.070047
-3.6 0.0713442
-3.56667 0.0726807
-3.53333 0.0740565
-3.5 0.0754717
-3.46667 0.0769262
-3.43333 0.07842
-3.4 0.0799531
-3.36667 0.0815256
-3.33333 0.0831374
-3.3 0.0847885
-3.26667 0.086479
-3.23333 0.0882088
-3.2 0.0899779
-3.16667 0.0917863
-3.13333 0.0936341
-3.1 0.0955212
-3.06667 0.0974476
-3.03333 0.0994133
-3 0.101418
-2.96667 0.10347
-2.93333 0.105577
-2.9 0.107738
-2.86667 0.109954
-2.83333 0.112224
-2.8 0.114549
-2.76667 0.116929
-2.73333 0.119363
-2.7 0.121852
-2.66667 0.124395
-2.63333 0.126993
-2.6 0.129646
-2.56667 0.132353
-2.53333 0.135115
-2.5 0.137931
-2.46667 0.140802
-2.43333 0.143727
-2.4 0.146708
-2.36667 0.149742
-2.33333 0.152832
-2.3 0.155975
-2.26667 0.159174
-2.23333 0.162427
-2.2 0.165735
-2.16667 0.169097
-2.13333 0.172514
-2.1 0.175985
-2.06667 0.179511
-2.03333 0.183092
-2 0.186727
-1.96667 0.190683
-1.93333 0.195226
-1.9 0.200356
-1.86667 0.206072
-1.83333 0.212376
-1.8 0.219266
-1.76667 0.226744
-1.73333 0.234808
-1.7 0.243459
-1.66667 0.252698
-1.63333 0.262523
-1.6 0.272935
-1.56667 0.283934
-1.53333 0.29552
-1.5 0.307692
-1.46667 0.320452
-1.43333 0.333799
-1.4 0.347732
-1.36667 0.362252
-1.33333 0.37736
-1.3 0.393054
-1.26667 0.409335
-1.23333 0.426203
-1.2 0.443658
-1.16667 0.4617
-1.13333 0.480329
-1.1 0.499545
-1.06667 0.519347
-1.03333 0.539737
-1 0.560713
-0.966667 0.581629
-0.933333 0.601835
-0.9 0.621333
-0.866667 0.640121
-0.833333 0.658201
-0.8 0.675571
-0.766667 0.692232
-0.733333 0.708185
-0.7 0.723428
-0.666667 0.737963
-0.633333 0.751788
-0.6 0.764905
-0.566667 0.777312
-0.533333 0.789011
-0.5 0.8
-0.466667 0.81028
-0.433333 0.819852
-0.4 0.828714
-0.366667 0.836868
-0.333333 0.844312
-0.3 0.851048
-0.266667 0.857074
-0.233333 0.862392
-0.2 0.867
-0.166667 0.8709
-0.133333 0.87409
-0.1 0.876572
-0.0666667 0.878344
-0.0333333 0.879408
0 0.879762
0.0333333 0.879408
0.0666667 0.878344
0.1 0.876572
0.133333 0.87409
0.166667 0.8709
0.2 0.867
0.233333 0.862392
0.266667 0.857074
0.3 0.851048
0.333333 0.844312
0.366667 0.836868
0.4 0.828714
0.433333 0.819852
0.466667 0.81028
0.5 0.8
0.533333 0.789011
0.566667 0.777312
0.6 0.764905
0.633333 0.751788
0.666667 0.737963
0.7 0.723428
0.733333 0.708185
0.766667 0.692232
0.8 0.675571
0.833333 0.658201
0.866667 0.640121
0.9 0.621333
0.933333 0.601835
0.966667 0.581629
1 0.560713
1.03333 0.539737
1.06667 0.519347
1.1 0.499545
1.13333 0.480329
1.16667 0.4617
1.2 0.443658
1.23333 0.426203
1.26667 0.409335
1.3 0.393054
1.33333 0.37736
1.36667 0.362252
1.4 0.347732
1.43333 0.333799
1.46667 0.320452
1.5 0.307692
1.53333 0.29552
1.56667 0.283934
1.6 0.272935
1.63333 0.262523
1.66667 0.252698
1.7 0.243459
1.73333 0.234808
1.76667 0.226744
1.8 0.219266
1.83333 0.212376
1.86667 0.206072
1.9 0.200356
1.93333 0.195226
1.96667 0.190683
2 0.186727
2.03333 0.183092
2.06667 0.179511
2.1 0.175985
2.13333 0.172514
2.16667 0.169097
2.2 0.165735
2.23333 0.162427
2.26667 0.159174
2.3 0.155975
2.33333 0.152832
2.36667 0.149742
2.4 0.146708
2.43333 0.143727
2.46667 0.140802
2.5 0.137931
2.53333 0.135115
2.56667 0.132353
2.6 0.129646
2.63333 0.126993
2.66667 0.124395
2.7 0.121852
2.73333 0.119363
2.76667 0.116929
2.8 0.114549
2.83333 0.112224
2.86667 0.109954
2.9 0.107738
2.93333 0.105577
2.96667 0.10347
3 0.101418
3.03333 0.0994133
3.06667 0.0974476
3.1 0.0955212
3.13333 0.0936341
3.16667 0.0917863
3.2 0.0899779
3.23333 0.0882088
3.26667 0.086479
3.3 0.0847885
3.33333 0.0831374
3.36667 0.0815256
3.4 0.0799531
3.43333 0.07842
3.46667 0.0769262
3.5 0.0754717
3.53333 0.0740565
3.56667 0.0726807
3.6 0.0713442
3.63333 0.070047
3.66667 0.0687892
3.7 0.0675707
3.73333 0.0663915
3.76667 0.0652516
3.8 0.0641511
3.83333 0.0630898
3.86667 0.062068
3.9 0.0610854
3.93333 0.0601422
3.96667 0.0592383
4 0.0583737
4.03333 0.0575348
4.06667 0.056708
4.1 0.0558933
4.13333 0.0550907
4.16667 0.0543001
4.2 0.0535216
4.23333 0.0527552
4.26667 0.0520009
4.3 0.0512587
4.33333 0.0505285
4.36667 0.0498104
4.4 0.0491044
4.43333 0.0484105
4.46667 0.0477286
4.5 0.0470588
4.53333 0.0464011
4.56667 0.0457555
4.6 0.045122
4.63333 0.0445005
4.66667 0.0438911
4.7 0.0432938
4.73333 0.0427086
4.76667 0.0421354
4.8 0.0415743
4.83333 0.0410253
4.86667 0.0404884
4.9 0.0399636
4.93333 0.0394508
4.96667 0.0389501
5 0.0384615
