1 0.0384615
0.993333 0.0389594
0.986667 0.0394668
0.98 0.039984
0.973333 0.0405113
0.966667 0.041049
0.96 0.0415973
0.953333 0.0421565
0.946667 0.0427269
0.94 0.0433088
0.933333 0.0439024
0.926667 0.0445082
0.92 0.0451264
0.913333 0.0457573
0.906667 0.0464013
0.9 0.0470588
0.893333 0.0477302
0.886667 0.0484157
0.88 0.0491159
0.873333 0.0498311
0.866667 0.0505618
0.86 0.0513084
0.853333 0.0520713
0.846667 0.052851
0.84 0.0536481
0.833333 0.0544629
0.826667 0.0552961
0.82 0.0561482
0.813333 0.0570198
0.806667 0.0579113
0.8 0.0588235
0.793333 0.059757
0.786667 0.0607124
0.78 0.0616903
0.773333 0.0626916
0.766667 0.0637168
0.76 0.0647668
0.753333 0.0658424
0.746667 0.0669444
0.74 0.0680735
0.733333 0.0692308
0.726667 0.070417
0.72 0.0716332
0.713333 0.0728804
0.706667 0.0741595
0.7 0.0754717
0.693333 0.076818
0.686667 0.0781997
0.68 0.0796178
0.673333 0.0810738
0.666667 0.0825688
0.66 0.0841043
0.653333 0.0856816
0.646667 0.0873024
0.64 0.088968
0.633333 0.0906801
0.626667 0.0924404
0.62 0.0942507
0.613333 0.0961128
0.606667 0.0980285
0.6 0.1
0.593333 0.102029
0.586667 0.104118
0.58 0.10627
0.573333 0.108486
0.566667 0.110769
0.56 0.113122
0.553333 0.115548
0.546667 0.118048
0.54 0.120627
0.533333 0.123288
0.526667 0.126033
0.52 0.128866
0.513333 0.131791
0.506667 0.134811
0.5 0.137931
0.493333 0.141154
0.486667 0.144485
0.48 0.147929
0.473333 0.15149
0.466667 0.155172
0.46 0.158983
0.453333 0.162925
0.446667 0.167007
0.44 0.171233
0.433333 0.17561
0.426667 0.180144
0.42 0.184843
0.413333 0.189713
0.406667 0.194763
0.4 0.2
0.393333 0.205433
0.386667 0.211069
0.38 0.21692
0.373333 0.222993
0.366667 0.229299
0.36 0.235849
0.353333 0.242653
0.346667 0.249723
0.34 0.257069
0.333333 0.264706
0.326667 0.272645
0.32 0.280899
0.313333 0.289482
0.306667 0.298408
0.3 0.307692
0.293333 0.317348
0.286667 0.327392
0.28 0.337838
0.273333 0.348702
0.266667 0.36
0.26 0.371747
0.253333 0.383959
0.246667 0.396651
0.24 0.409836
0.233333 0.423529
0.226667 0.437743
0.22 0.452489
0.213333 0.467775
0.206667 0.483611
0.2 0.5
0.193333 0.516944
0.186667 0.534442
0.18 0.552486
0.173333 0.571066
0.166667 0.590164
0.16 0.609756
0.153333 0.629811
0.146667 0.650289
0.14 0.671141
0.133333 0.692308
0.126667 0.713719
0.12 0.735294
0.113333 0.756939
0.106667 0.778547
0.1 0.8
0.0933333 0.821168
0.0866667 0.841908
0.08 0.862069
0.0733333 0.881489
0.0666667 0.9
0.06 0.917431
0.0533333 0.93361
0.0466667 0.948367
0.04 0.961538
0.0333333 0.972973
0.0266667 0.982533
0.02 0.990099
0.0133333 0.995575
0.00666667 0.99889
0 1
-0.00666667 0.99889
-0.0133333 0.995575
-0.02 0.990099
-0.0266667 0.982533
-0.0333333 0.972973
-0.04 0.961538
-0.0466667 0.948367
-0.0533333 0.93361
-0.06 0.917431
-0.0666667 0.9
-0.0733333 0.881489
-0.08 0.862069
-0.0866667 0.841908
-0.0933333 0.821168
-0.1 0.8
-0.106667 0.778547
-0.113333 0.756939
-0.12 0.735294
-0.126667 0.713719
-0.133333 0.692308
-0.14 0.671141
-0.146667 0.650289
-0.153333 0.629811
-0.16 0.609756
-0.166667 0.590164
-0.173333 0.571066
-0.18 0.552486
-0.186667 0.534442
-0.193333 0.516944
-0.2 0.5
-0.206667 0.483611
-0.213333 0.467775
-0.22 0.452489
-0.226667 0.437743
-0.233333 0.423529
-0.24 0.409836
-0.246667 0.396651
-0.253333 0.383959
-0.26 0.371747
-0.266667 0.36
-0.273333 0.348702
-0.28 0.337838
-0.286667 0.327392
-0.293333 0.317348
-0.3 0.307692
-0.306667 0.298408
-0.313333 0.289482
-0.32 0.280899
-0.326667 0.272645
-0.333333 0.264706
-0.34 0.257069
-0.346667 0.249723
-0.353333 0.242653
-0.36 0.235849
-0.366667 0.229299
-0.373333 0.222993
-0.38 0.21692
-0.386667 0.211069
-0.393333 0.205433
-0.4 0.2
-0.406667 0.194763
-0.413333 0.189713
-0.42 0.184843
-0.426667 0.180144
-0.433333 0.17561
-0.44 0.171233
-0.446667 0.167007
-0.453333 0.162925
-0.46 0.158983
-0.466667 0.155172
-0.473333 0.15149
-0.48 0.147929
-0.486667 0.144485
-0.493333 0.141154
-0.5 0.137931
-0.506667 0.134811
-0.513333 0.131791
-0.52 0.128866
-0.526667 0.126033
-0.533333 0.123288
-0.54 0.120627
-0.546667 0.118048
-0.553333 0.115548
-0.56 0.113122
-0.566667 0.110769
-0.573333 0.108486
-0.58 0.10627
-0.586667 0.104118
-0.593333 0.102029
-0.6 0.1
-0.606667 0.0980285
-0.613333 0.0961128
-0.62 0.0942507
-0.626667 0.0924404
-0.633333 0.0906801
-0.64 0.088968
-0.646667 0.0873024
-0.653333 0.0856816
-0.66 0.0841043
-0.666667 0.0825688
-0.673333 0.0810738
-0.68 0.0796178
-0.686667 0.0781997
-0.693333 0.076818
-0.7 0.0754717
-0.706667 0.0741595
-0.713333 0.0728804
-0.72 0.0716332
-0.726667 0.070417
-0.733333 0.0692308
-0.74 0.0680735
-0.746667 0.0669444
-0.753333 0.0658424
-0.76 0.0647668
-0.766667 0.0637168
-0.773333 0.0626916
-0.78 0.0616903
-0.786667 0.0607124
-0.793333 0.059757
-0.8 0.0588235
-0.806667 0.0579113
-0.813333 0.0570198
-0.82 0.0561482
-0.826667 0.0552961
-0.833333 0.0544629
-0.84 0.0536481
-0.846667 0.052851
-0.853333 0.0520713
-0.86 0.0513084
-0.866667 0.0505618
-0.873333 0.0498311
-0.88 0.0491159
-0.886667 0.0484157
-0.893333 0.0477302
-0.9 0.0470588
-0.906667 0.0464013
-0.913333 0.0457573
-0.92 0.0451264
-0.926667 0.0445082
-0.933333 0.0439024
-0.94 0.0433088
-0.946667 0.0427269
-0.953333 0.0421565
-0.96 0.0415973
-0.966667 0.041049
-0.973333 0.0405113
-0.98 0.039984
-0.986667 0.0394668
-0.993333 0.0389594
-1 0.0384615
