For m = 5:
0 1.1547
5.15159e-05 1.15969
0.00020554 1.16465
0.000461285 1.16959
0.000817967 1.1745
0.0012748 1.17939
0.001831 1.18426
0.00248577 1.1891
0.00323834 1.19391
0.00408791 1.1987
0.00503371 1.20347
0.00607494 1.2082
0.00721082 1.21292
0.00844056 1.21761
0.00976338 1.22227
0.0111785 1.22691
0.0126851 1.23153
0.0142825 1.23612
0.0159697 1.24068
0.0177461 1.24522
0.0196109 1.24973
0.0215633 1.25422
0.0236024 1.25868
0.0257276 1.26312
0.027938 1.26753
0.0302328 1.27191
0.0326112 1.27627
0.0350726 1.28061
0.037616 1.28491
0.0402406 1.2892
0.0429458 1.29345
0.0457307 1.29768
0.0485946 1.30189
0.0515365 1.30607
0.0545559 1.31022
0.0576518 1.31435
0.0608235 1.31845
0.0640702 1.32253
0.0673912 1.32657
0.0707855 1.3306
0.0742525 1.33459
0.0777914 1.33856
0.0814013 1.34251
0.0850816 1.34642
0.0888313 1.35032
0.0926497 1.35418
0.0965361 1.35802
0.10049 1.36183
0.10451 1.36562
0.108595 1.36937
0.112745 1.37311
0.116959 1.37681
0.121237 1.38049
0.125577 1.38414
0.129978 1.38777
0.134441 1.39136
0.138963 1.39494
0.143545 1.39848
0.148185 1.402
0.152883 1.40549
0.157638 1.40895
0.162449 1.41239
0.167315 1.4158
0.172236 1.41918
0.177211 1.42253
0.182239 1.42586
0.187319 1.42916
0.19245 1.43243
0.197632 1.43568
0.202864 1.43889
0.208145 1.44208
0.213474 1.44525
0.218851 1.44838
0.224274 1.45149
0.229744 1.45457
0.235258 1.45762
0.240817 1.46065
0.24642 1.46364
0.252065 1.46661
0.257752 1.46955
0.263481 1.47246
0.269249 1.47535
0.275058 1.47821
0.280905 1.48103
0.286791 1.48384
0.292713 1.48661
0.298673 1.48935
0.304667 1.49207
0.310697 1.49476
0.316761 1.49742
0.322859 1.50005
0.328988 1.50265
0.33515 1.50523
0.341343 1.50777
0.347566 1.51029
0.353818 1.51278
0.360099 1.51524
0.366408 1.51767
0.372744 1.52007
0.379106 1.52245
0.385493 1.52479
0.391906 1.52711
0.398342 1.5294
0.404801 1.53166
0.411283 1.53389
0.417786 1.53609
0.424311 1.53826
0.430855 1.54041
0.437418 1.54252
0.444 1.5446
0.450599 1.54666
0.457215 1.54869
0.463847 1.55068
0.470495 1.55265
0.477157 1.55459
0.483833 1.5565
0.490522 1.55838
0.497222 1.56023
0.503934 1.56205
0.510657 1.56384
0.51739 1.5656
0.524131 1.56733
0.530881 1.56904
0.537638 1.57071
0.544402 1.57235
0.551171 1.57396
0.557946 1.57555
0.564725 1.5771
0.571507 1.57862
0.578292 1.58012
0.58508 1.58158
0.591868 1.58301
0.598656 1.58442
0.605444 1.58579
0.612231 1.58713
0.619016 1.58844
0.625798 1.58973
0.632577 1.59098
0.639351 1.5922
0.64612 1.59339
0.652883 1.59455
0.659639 1.59568
0.666388 1.59678
0.673128 1.59785
0.67986 1.59889
0.686581 1.59989
0.693292 1.60087
0.699992 1.60182
0.706679 1.60273
0.713353 1.60362
0.720013 1.60447
0.726659 1.60529
0.73329 1.60608
0.739904 1.60684
0.746501 1.60757
0.753081 1.60827
0.759642 1.60894
0.766184 1.60958
0.772706 1.61018
0.779206 1.61075
0.785686 1.6113
0.792142 1.61181
0.798576 1.61229
0.804985 1.61274
0.81137 1.61315
0.817729 1.61354
0.824062 1.61389
0.830368 1.61421
0.836645 1.6145
0.842894 1.61476
0.849114 1.61499
0.855303 1.61519
0.861461 1.61535
0.867587 1.61548
0.87368 1.61558
0.87974 1.61565
0.885766 1.61568
0.891757 1.61569
0.897712 1.61566
0.903631 1.6156
0.909512 1.61551
0.915354 1.61538
0.921158 1.61522
0.926923 1.61503
0.932646 1.61481
0.938329 1.61456
0.943969 1.61427
0.949566 1.61395
0.95512 1.6136
0.96063 1.61322
0.966094 1.6128
0.971512 1.61235
0.976883 1.61187
0.982207 1.61136
0.987482 1.61081
0.992708 1.61023
0.997884 1.60962
1.00301 1.60897
1.00808 1.60829
1.01311 1.60758
1.01807 1.60684
1.023 1.60608
1.0279 1.60531
1.03277 1.60455
1.03761 1.60379
1.04243 1.60302
1.04721 1.60226
1.05197 1.60149
1.0567 1.60072
1.0614 1.59995
1.06608 1.59918
1.07073 1.59841
1.07535 1.59763
1.07994 1.59686
1.08451 1.59607
1.08905 1.59529
1.09356 1.5945
1.09805 1.59371
1.10252 1.59292
1.10695 1.59212
1.11136 1.59132
1.11575 1.59052
1.12011 1.58971
1.12444 1.5889
1.12875 1.58808
1.13304 1.58726
1.1373 1.58644
1.14153 1.58561
1.14574 1.58477
1.14993 1.58393
1.15409 1.58308
1.15823 1.58223
1.16234 1.58137
1.16644 1.58051
1.1705 1.57964
1.17455 1.57876
1.17857 1.57788
1.18257 1.57699
1.18654 1.5761
1.1905 1.57519
1.19443 1.57428
1.19834 1.57337
1.20222 1.57244
1.20609 1.57151
1.20993 1.57057
1.21375 1.56962
1.21755 1.56866
1.22133 1.56769
1.22508 1.56672
1.22882 1.56574
1.23253 1.56475
1.23623 1.56374
1.2399 1.56273
1.24355 1.56171
1.24719 1.56068
1.2508 1.55964
1.25439 1.55859
1.25797 1.55753
1.26152 1.55646
1.26506 1.55538
1.26857 1.55429
1.27207 1.55319
1.27554 1.55208
1.279 1.55095
1.28244 1.54982
1.28587 1.54867
1.28927 1.54751
1.29265 1.54634
1.29602 1.54515
1.29937 1.54396
1.3027 1.54275
1.30602 1.54153
1.30932 1.54029
1.3126 1.53904
1.31586 1.53778
1.31911 1.53651
1.32234 1.53522
1.32555 1.53392
1.32875 1.5326
1.33193 1.53128
1.3351 1.52993
1.33825 1.52857
1.34138 1.5272
1.3445 1.52581
1.3476 1.52441
1.35069 1.52299
1.35376 1.52156
1.35682 1.52011
1.35987 1.51865
1.3629 1.51716
1.36591 1.51567
1.36891 1.51416
1.3719 1.51263
1.37487 1.51108
1.37783 1.50952
1.38078 1.50794
1.38371 1.50634
1.38663 1.50473
1.38954 1.5031
1.39243 1.50145
1.39531 1.49978
1.39818 1.4981
1.40103 1.49639
1.40388 1.49467
1.40671 1.49293
1.40953 1.49117
1.41234 1.48939
1.41513 1.4876
1.41792 1.48578
1.42069 1.48394
1.42346 1.48209
1.42621 1.48021
1.42895 1.47832
1.43168 1.4764
1.4344 1.47447
1.43711 1.47251
1.43981 1.47054
1.4425 1.46854
1.44518 1.46652
1.44785 1.46448
1.45051 1.46242
1.45316 1.46034
1.45581 1.45823
1.45844 1.4561
1.46107 1.45396
1.46368 1.45179
1.46629 1.44959
1.46889 1.44738
1.47148 1.44514
1.47406 1.44288
1.47664 1.44059
1.47921 1.43828
1.48177 1.43595
1.48432 1.43359
1.48687 1.43122
1.48941 1.42881
1.49194 1.42638
1.49447 1.42393
1.49699 1.42145
1.4995 1.41895
1.50201 1.41643
1.50451 1.41388
1.507 1.4113
1.50949 1.4087
1.51197 1.40607
1.51445 1.40341
1.51693 1.40073
1.51939 1.39803
1.52186 1.3953
1.52432 1.39254
1.52677 1.38975
1.52922 1.38694
1.53166 1.3841
1.53411 1.38123
1.53654 1.37834
1.53898 1.37541
1.54141 1.37246
1.54383 1.36949
1.54626 1.36648
1.54868 1.36345
1.5511 1.36038
1.55351 1.35729
1.55592 1.35417
1.55833 1.35102
1.56074 1.34784
1.56315 1.34464
1.56555 1.3414
1.56795 1.33813
1.57035 1.33483
1.57275 1.33151
1.57515 1.32815
1.57754 1.32476
1.57994 1.32134
1.58233 1.31789
1.58473 1.31441
1.58712 1.3109
1.58951 1.30736
1.59191 1.30378
1.5943 1.30018
1.59669 1.29654
1.59909 1.29287
1.60148 1.28917
1.60387 1.28543
1.60627 1.28167
1.60867 1.27787
1.61106 1.27403
1.61346 1.27017
1.61586 1.26627
1.61827 1.26233
1.62067 1.25837
1.62308 1.25437
1.62548 1.25033
1.62789 1.24626
1.63031 1.24216
1.63272 1.23802
1.63514 1.23385
1.63756 1.22964
1.63999 1.2254
1.64241 1.22113
1.64484 1.21681
1.64728 1.21246
1.6497 1.20811
1.65209 1.20378
1.65446 1.19948
1.65679 1.19521
1.6591 1.19095
1.66138 1.18673
1.66363 1.18253
1.66585 1.17835
1.66804 1.17419
1.67021 1.17006
1.67235 1.16596
1.67446 1.16188
1.67654 1.15781
1.67859 1.15378
1.68061 1.14976
1.68261 1.14577
1.68458 1.1418
1.68652 1.13785
1.68844 1.13392
1.69032 1.13001
1.69218 1.12612
1.69401 1.12226
1.69582 1.11841
1.69759 1.11458
1.69934 1.11078
1.70106 1.10699
1.70276 1.10322
1.70443 1.09947
1.70607 1.09574
1.70768 1.09203
1.70927 1.08833
1.71083 1.08465
1.71236 1.08099
1.71387 1.07735
1.71535 1.07372
1.7168 1.07012
1.71823 1.06652
1.71963 1.06295
1.72101 1.05938
1.72236 1.05584
1.72368 1.05231
1.72497 1.04879
1.72625 1.04529
1.72749 1.04181
1.72871 1.03834
1.7299 1.03488
1.73107 1.03143
1.73221 1.028
1.73332 1.02458
1.73441 1.02118
1.73548 1.01779
1.73652 1.01441
1.73753 1.01104
1.73852 1.00768
1.73948 1.00434
1.74042 1.001
1.74133 0.997678
1.74222 0.994366
1.74308 0.991063
1.74392 0.987771
1.74474 0.984489
1.74552 0.981216
1.74629 0.977952
1.74703 0.974698
1.74774 0.971452
1.74843 0.968214
1.7491 0.964985
1.74974 0.961764
1.75036 0.95855
1.75095 0.955343
1.75152 0.952144
1.75206 0.948951
1.75258 0.945765
1.75308 0.942585
1.75355 0.939412
1.754 0.936244
1.75443 0.933081
1.75483 0.929923
1.75521 0.926771
1.75556 0.923623
1.7559 0.920479
1.7562 0.917339
1.75649 0.914203
1.75675 0.911071
1.75699 0.907942
1.7572 0.904816
1.75739 0.901693
1.75756 0.898572
1.75771 0.895453
1.75783 0.892336
1.75793 0.889221
1.75801 0.886107
1.75806 0.882994
1.7581 0.879882
1.75811 0.87677
1.75809 0.873659
1.75806 0.870548
1.758 0.867436
1.75792 0.864324
1.75782 0.861211
1.7577 0.858097
1.75755 0.854981
1.75738 0.851864
1.75719 0.848745
1.75698 0.845624
1.75675 0.8425
1.75649 0.839373
1.75622 0.836244
1.75592 0.833111
1.7556 0.829974
1.75526 0.826834
1.75489 0.82369
1.75451 0.820541
1.75411 0.817388
1.75368 0.814229
1.75323 0.811066
1.75276 0.807897
1.75227 0.804722
1.75176 0.801541
1.75123 0.798354
1.75068 0.79516
1.75011 0.79196
1.74952 0.788752
1.7489 0.785537
1.74827 0.782314
1.74761 0.779084
1.74694 0.775845
1.74624 0.772597
1.74553 0.769341
1.74479 0.766076
1.74404 0.762802
1.74326 0.759518
1.74247 0.756224
1.74165 0.75292
1.74082 0.749606
1.73996 0.746281
1.73909 0.742945
1.73819 0.739598
1.73728 0.736239
1.73634 0.732869
1.73539 0.729486
1.73442 0.726092
1.73343 0.722684
1.73242 0.719264
1.73139 0.715831
1.73034 0.712384
1.72927 0.708924
1.72819 0.70545
1.72708 0.701961
1.72596 0.698459
1.72481 0.694941
1.72365 0.691408
1.72247 0.68786
1.72127 0.684297
1.72005 0.680717
1.71882 0.677122
1.71757 0.67351
1.71629 0.669881
1.715 0.666236
1.71369 0.662573
1.71237 0.658893
1.71102 0.655195
1.70966 0.651479
1.70828 0.647745
1.70688 0.643992
1.70547 0.64022
1.70403 0.636429
1.70258 0.632619
1.70111 0.628789
1.69963 0.624939
1.69813 0.621069
1.6966 0.617179
1.69507 0.613267
1.69351 0.609335
1.69194 0.605381
1.69035 0.601406
1.68874 0.597409
1.68712 0.59339
1.68548 0.589349
1.68383 0.585284
1.68215 0.581197
1.68046 0.577087
1.67876 0.572953
1.67703 0.568795
1.67529 0.564614
1.67354 0.560408
1.67177 0.556177
1.66998 0.551922
1.66817 0.547641
1.66635 0.543336
1.66452 0.539004
1.66266 0.534647
1.6608 0.530263
1.65891 0.525853
1.65701 0.521416
1.6551 0.516952
1.65316 0.512461
1.65122 0.507942
1.64926 0.503395
1.64728 0.49882
1.64528 0.494236
1.64328 0.489661
1.64125 0.485095
1.63921 0.480539
1.63715 0.475991
1.63508 0.471453
1.633 0.466924
1.63089 0.462405
1.62877 0.457894
1.62664 0.453392
1.62449 0.4489
1.62233 0.444417
1.62015 0.439942
1.61795 0.435477
1.61575 0.431021
1.61352 0.426574
1.61128 0.422135
1.60903 0.417706
1.60676 0.413286
1.60448 0.408874
1.60218 0.404472
1.59987 0.400078
1.59754 0.395693
1.5952 0.391317
1.59284 0.38695
1.59047 0.382591
1.58809 0.378241
1.58569 0.3739
1.58328 0.369568
1.58085 0.365244
1.57841 0.360929
1.57596 0.356623
1.57349 0.352325
1.571 0.348036
1.56851 0.343755
1.566 0.339483
1.56348 0.33522
1.56094 0.330965
1.55839 0.326718
1.55583 0.32248
1.55325 0.318251
1.55066 0.31403
1.54806 0.309817
1.54544 0.305613
1.54281 0.301417
1.54017 0.297229
1.53751 0.29305
1.53484 0.288879
1.53216 0.284716
1.52947 0.280562
1.52676 0.276415
1.52404 0.272277
1.52131 0.268148
1.51857 0.264026
1.51581 0.259912
1.51304 0.255807
1.51026 0.25171
1.50747 0.24762
1.50466 0.243539
1.50184 0.239466
1.49902 0.235401
1.49617 0.231344
1.49332 0.227295
1.49045 0.223254
1.48758 0.21922
1.48469 0.215195
1.48179 0.211178
1.47888 0.207168
1.47595 0.203166
1.47302 0.199172
1.47007 0.195186
1.46711 0.191208
1.46414 0.187237
1.46116 0.183274
1.45817 0.179319
1.45517 0.175372
1.45215 0.171432
1.44913 0.1675
1.44609 0.163576
1.44305 0.159659
1.43999 0.155749
1.43692 0.151848
1.43385 0.147953
1.43076 0.144067
1.42766 0.140188
1.42455 0.136316
1.42143 0.132452
1.4183 0.128595
1.41516 0.124746
1.41201 0.120904
1.40884 0.117069
1.40567 0.113242
1.40249 0.109422
1.3993 0.105609
1.3961 0.101804
1.39289 0.0980057
1.38967 0.0942148
1.38644 0.0904312
1.3832 0.0866548
1.37995 0.0828855
1.37669 0.0791234
1.37343 0.0753684
1.37015 0.0716206
1.36686 0.0678798
1.36357 0.0641461
1.36026 0.0604194
1.35695 0.0566998
1.35363 0.0529871
1.3503 0.0492815
1.34695 0.0455828
1.34361 0.041891
1.34025 0.0382062
1.33688 0.0345283
1.33351 0.0308572
1.33012 0.027193
1.32673 0.0235356
1.32333 0.019885
1.31992 0.0162412
1.3165 0.0126042
1.31308 0.00897394
1.30964 0.00535039
1.3062 0.00173353
1.30275 -0.00187664
1.29929 -0.00548016
1.29583 -0.00907704
1.29235 -0.0126673
1.28887 -0.016251
1.28538 -0.0198281
1.28188 -0.0233986
1.27838 -0.0269627
1.27487 -0.0305202
1.27135 -0.0340712
1.26782 -0.0376158
1.26429 -0.0411539
1.26075 -0.0446856
1.2572 -0.0482109
1.25364 -0.0517298
1.25008 -0.0552424
1.24651 -0.0587487
1.24293 -0.0622486
1.23935 -0.0657422
1.23576 -0.0692296
1.23216 -0.0727107
1.22856 -0.0761856
1.22495 -0.0796543
1.22133 -0.0831168
1.21771 -0.0865731
1.21408 -0.0900233
1.21044 -0.0934674
1.2068 -0.0969054
1.20315 -0.100337
1.19949 -0.103763
1.19583 -0.107183
1.19217 -0.110597
1.18849 -0.114005
1.18481 -0.117406
1.18113 -0.120802
1.17744 -0.124192
1.17374 -0.127576
1.17004 -0.130955
1.16633 -0.134327
1.16262 -0.137694
1.1589 -0.141054
1.15518 -0.144409
1.15145 -0.147758
1.14771 -0.151102
1.14397 -0.154439
1.14023 -0.157771
1.13648 -0.161097
1.13272 -0.164418
1.12896 -0.167733
1.1252 -0.171042
1.12143 -0.174346
1.11766 -0.177644
1.11388 -0.180937
1.11009 -0.184224
1.10631 -0.187505
1.10251 -0.190781
1.09872 -0.194052
1.09492 -0.197317
1.09111 -0.200577
1.0873 -0.203831
1.08349 -0.20708
1.07967 -0.210323
1.07585 -0.213562
1.07202 -0.216794
1.06819 -0.220022
1.06436 -0.223244
1.06052 -0.226461
1.05668 -0.229673
1.05283 -0.23288
1.04898 -0.236081
1.04513 -0.239277
1.04128 -0.242468
1.03742 -0.245654
1.03355 -0.248835
1.02969 -0.252011
1.02582 -0.255182
1.02195 -0.258347
1.01807 -0.261508
1.01416 -0.264677
1.01017 -0.267866
1.00611 -0.271076
1.00198 -0.274306
0.997772 -0.277557
0.993497 -0.280827
0.989152 -0.284118
0.984738 -0.287429
0.980257 -0.29076
0.975709 -0.294111
0.971095 -0.297481
0.966417 -0.300871
0.961675 -0.30428
0.956869 -0.307709
0.952002 -0.311157
0.947074 -0.314624
0.942086 -0.318109
0.937039 -0.321614
0.931934 -0.325137
0.926771 -0.328679
0.921552 -0.33224
0.916278 -0.335819
0.910949 -0.339416
0.905567 -0.343031
0.900133 -0.346664
0.894647 -0.350316
0.88911 -0.353985
0.883524 -0.357671
0.877889 -0.361376
0.872206 -0.365097
0.866476 -0.368836
0.860701 -0.372593
0.854881 -0.376366
0.849016 -0.380156
0.843109 -0.383964
0.837159 -0.387788
0.831169 -0.391628
0.825138 -0.395485
0.819068 -0.399359
0.81296 -0.403249
0.806814 -0.407155
0.800632 -0.411077
0.794414 -0.415015
0.788162 -0.418969
0.781876 -0.422938
0.775558 -0.426923
0.769208 -0.430924
0.762827 -0.43494
0.756417 -0.438971
0.749978 -0.443017
0.74351 -0.447079
0.737016 -0.451155
0.730496 -0.455246
0.723951 -0.459352
0.717381 -0.463472
0.710788 -0.467607
0.704174 -0.471756
0.697538 -0.475919
0.690881 -0.480096
0.684205 -0.484287
0.677511 -0.488492
0.670799 -0.492711
0.664071 -0.496944
0.657327 -0.50119
0.650568 -0.505449
0.643796 -0.509721
0.637011 -0.514007
0.630214 -0.518306
0.623406 -0.522618
0.616589 -0.526942
0.609762 -0.53128
0.602927 -0.535629
0.596085 -0.539992
0.589237 -0.544366
0.582384 -0.548753
0.575527 -0.553152
0.568666 -0.557563
0.561803 -0.561986
0.554938 -0.56642
0.548073 -0.570867
0.541208 -0.575324
0.534345 -0.579793
0.527484 -0.584274
0.520627 -0.588766
0.513774 -0.593268
0.506926 -0.597782
0.500084 -0.602306
0.493249 -0.606842
0.486422 -0.611387
0.479604 -0.615944
0.472797 -0.62051
0.465999 -0.625087
0.459214 -0.629674
0.452442 -0.634272
0.445683 -0.638879
0.438939 -0.643495
0.432211 -0.648122
0.425499 -0.652758
0.418804 -0.657403
0.412128 -0.662058
0.405472 -0.666722
0.398835 -0.671395
0.39222 -0.676077
0.385628 -0.680768
0.379058 -0.685468
0.372512 -0.690176
0.365992 -0.694893
0.359497 -0.699618
0.35303 -0.704352
0.34659 -0.709093
0.340179 -0.713843
0.333798 -0.718601
0.327448 -0.723366
0.32113 -0.728139
0.314844 -0.73292
0.308591 -0.737708
0.302373 -0.742504
0.296191 -0.747306
0.290045 -0.752116
0.283936 -0.756933
0.277866 -0.761757
0.271835 -0.766588
0.265844 -0.771425
0.259894 -0.776269
0.253986 -0.781119
0.248121 -0.785975
0.242301 -0.790838
0.236525 -0.795707
0.230795 -0.800582
0.225111 -0.805462
0.219476 -0.810348
0.213889 -0.81524
0.208352 -0.820138
0.202866 -0.82504
0.197431 -0.829949
0.192048 -0.834862
0.186719 -0.83978
0.181444 -0.844703
0.176225 -0.849631
0.171062 -0.854564
0.165956 -0.859501
0.160908 -0.864442
0.15592 -0.869388
0.150991 -0.874339
0.146123 -0.879293
0.141318 -0.884251
0.136575 -0.889213
0.131896 -0.894179
0.127282 -0.899149
0.122733 -0.904122
0.118251 -0.909098
0.113837 -0.914078
0.109492 -0.919061
0.105215 -0.924047
0.10101 -0.929036
0.0968755 -0.934028
0.0928135 -0.939022
0.0888248 -0.944019
0.0849103 -0.949019
0.0810711 -0.954021
0.0773079 -0.959025
0.0736218 -0.964031
0.0700137 -0.969039
0.0664846 -0.97405
0.0630354 -0.979062
0.059667 -0.984075
0.0563805 -0.98909
0.0531766 -0.994107
0.0500565 -0.999125
0.047021 -1.00414
0.044071 -1.00916
0.0412076 -1.01419
0.0384317 -1.01921
0.0357441 -1.02423
0.033146 -1.02925
0.0306381 -1.03428
0.0282215 -1.0393
0.0258971 -1.04433
0.0236658 -1.04935
0.0215286 -1.05438
0.0194865 -1.0594
0.0175403 -1.06442
0.0156911 -1.06945
0.0139397 -1.07447
0.0122872 -1.0795
0.0107344 -1.08452
0.00928231 -1.08954
0.00793188 -1.09456
0.00668405 -1.09958
0.00553977 -1.1046
0.00449998 -1.10962
0.00356563 -1.11463
0.00273766 -1.11965
0.00201701 -1.12466
0.00140465 -1.12967
0.000901495 -1.13468
0.00050851 -1.13969
0.000226635 -1.1447
5.68165e-05 -1.1497

For m = 20:
0 1.1547
-2.48662e-05 1.17412
-8.8588e-05 1.1924
-0.00017485 1.20957
-0.000267335 1.22568
-0.000349727 1.24077
-0.000405712 1.25488
-0.000418971 1.26804
-0.000373191 1.28029
-0.000252054 1.29167
-3.92442e-05 1.30222
0.000281554 1.31198
0.000726656 1.32099
0.00131238 1.32928
0.00205504 1.3369
0.00297095 1.34388
0.00407643 1.35026
0.0053878 1.35608
0.00692136 1.36138
0.00869345 1.3662
0.0107204 1.37058
0.0130184 1.37455
0.015604 1.37815
0.0184933 1.38143
0.0217027 1.38442
0.0252485 1.38715
0.029147 1.38968
0.0334146 1.39204
0.0380676 1.39426
0.0431222 1.39638
0.0485948 1.39845
0.0545018 1.4005
0.0608593 1.40257
0.0676838 1.4047
0.0749916 1.40693
0.0827989 1.4093
0.0911221 1.41184
0.0999775 1.41459
0.109381 1.4176
0.11935 1.4209
0.1299 1.42453
0.141048 1.42853
0.152809 1.43294
0.1652 1.43779
0.178238 1.44313
0.191938 1.44899
0.206318 1.45541
0.221393 1.46244
0.237179 1.4701
0.253694 1.47844
0.270952 1.4875
0.287822 1.49659
0.303201 1.50499
0.317152 1.51274
0.329739 1.51986
0.341026 1.52637
0.351077 1.53229
0.359955 1.53766
0.367723 1.5425
0.374446 1.54682
0.380187 1.55066
0.38501 1.55404
0.388978 1.55699
0.392155 1.55952
0.394605 1.56166
0.396391 1.56344
0.397577 1.56488
0.398226 1.56601
0.398402 1.56684
0.39817 1.56741
0.397592 1.56774
0.396731 1.56785
0.395653 1.56776
0.39442 1.56751
0.393096 1.56712
0.391745 1.5666
0.39043 1.56599
0.389215 1.56531
0.388164 1.56458
0.387339 1.56382
0.386806 1.56307
0.386627 1.56235
0.386867 1.56167
0.387588 1.56107
0.388855 1.56057
0.39073 1.5602
0.393279 1.55997
0.396564 1.55991
0.400648 1.56005
0.405597 1.56041
0.411473 1.56102
0.41834 1.56189
0.426261 1.56306
0.4353 1.56455
0.445522 1.56638
0.456989 1.56858
0.469765 1.57116
0.483914 1.57417
0.499499 1.57761
0.516584 1.58152
0.535233 1.58592
0.55382 1.59041
0.570725 1.59459
0.586018 1.59847
0.59977 1.60206
0.612051 1.60537
0.622931 1.60842
0.632482 1.61119
0.640774 1.61372
0.647877 1.61601
0.653862 1.61806
0.6588 1.61989
0.66276 1.62151
0.665814 1.62292
0.668032 1.62414
0.669485 1.62517
0.670243 1.62603
0.670377 1.62673
0.669957 1.62727
0.669054 1.62766
0.667739 1.62792
0.666081 1.62805
0.664152 1.62806
0.662022 1.62797
0.659762 1.62778
0.657441 1.6275
0.655132 1.62714
0.652903 1.62671
0.650827 1.62623
0.648973 1.62569
0.647411 1.62512
0.646213 1.62451
0.64545 1.62388
0.64519 1.62325
0.645506 1.62261
0.646467 1.62197
0.648145 1.62136
0.650609 1.62077
0.65393 1.62023
0.65818 1.61972
0.663427 1.61928
0.669744 1.61889
0.6772 1.61859
0.685866 1.61837
0.695813 1.61824
0.70711 1.61822
0.71983 1.61831
0.734041 1.61853
0.749816 1.61888
0.767223 1.61937
0.786335 1.62002
0.805417 1.62076
0.822739 1.62152
0.838374 1.62231
0.852395 1.62312
0.864875 1.62395
0.875888 1.62478
0.885506 1.62563
0.893802 1.62647
0.900851 1.62731
0.906724 1.62815
0.911496 1.62897
0.915239 1.62978
0.918027 1.63057
0.919932 1.63134
0.921028 1.63208
0.921388 1.63278
0.921085 1.63345
0.920193 1.63408
0.918783 1.63467
0.916931 1.6352
0.914708 1.63568
0.912189 1.6361
0.909445 1.63646
0.906551 1.63675
0.903579 1.63698
0.900602 1.63712
0.897695 1.63719
0.894929 1.63717
0.892379 1.63707
0.890117 1.63687
0.888216 1.63657
0.886749 1.63618
0.885791 1.63568
0.885413 1.63506
0.88569 1.63434
0.886693 1.63349
0.888497 1.63253
0.891175 1.63143
0.894799 1.63021
0.899443 1.62885
0.905181 1.62735
0.912084 1.6257
0.920227 1.62391
0.929682 1.62196
0.940523 1.61986
0.952823 1.6176
0.966655 1.61517
0.982092 1.61256
0.999207 1.60979
1.01807 1.60684
1.03693 1.60399
1.05403 1.60151
1.06944 1.59938
1.08322 1.5976
1.09546 1.59613
1.10623 1.59495
1.1156 1.59406
1.12364 1.59343
1.13042 1.59304
1.13602 1.59287
1.14051 1.59291
1.14397 1.59314
1.14645 1.59353
1.14805 1.59407
1.14883 1.59474
1.14886 1.59552
1.14822 1.59639
1.14698 1.59734
1.1452 1.59834
1.14298 1.59937
1.14037 1.60043
1.13745 1.60148
1.13429 1.60251
1.13096 1.60351
1.12755 1.60444
1.12411 1.6053
1.12073 1.60607
1.11747 1.60672
1.11441 1.60723
1.11163 1.6076
1.10918 1.6078
1.10716 1.6078
1.10562 1.6076
1.10464 1.60718
1.1043 1.60651
1.10467 1.60557
1.10581 1.60435
1.10781 1.60283
1.11073 1.60099
1.11466 1.59882
1.11965 1.59628
1.12578 1.59337
1.13313 1.59006
1.14177 1.58634
1.15177 1.58219
1.16321 1.57759
1.17615 1.57251
1.19067 1.56695
1.20685 1.56088
1.22474 1.55428
1.24266 1.5478
1.2589 1.54205
1.27351 1.53701
1.28658 1.53263
1.29817 1.52889
1.30835 1.52575
1.31718 1.52318
1.32475 1.52114
1.3311 1.51961
1.33632 1.51853
1.34048 1.51789
1.34363 1.51765
1.34585 1.51777
1.34721 1.51822
1.34778 1.51897
1.34762 1.51998
1.34681 1.52122
1.34541 1.52265
1.34349 1.52424
1.34112 1.52596
1.33837 1.52777
1.33531 1.52964
1.332 1.53153
1.32852 1.53342
1.32493 1.53526
1.3213 1.53702
1.31771 1.53867
1.31421 1.54018
1.31088 1.54151
1.30779 1.54262
1.305 1.54349
1.30258 1.54407
1.30061 1.54435
1.29915 1.54427
1.29826 1.54381
1.29803 1.54293
1.29851 1.5416
1.29978 1.53979
1.3019 1.53746
1.30495 1.53457
1.30899 1.5311
1.31408 1.52701
1.32031 1.52227
1.32773 1.51684
1.33642 1.51068
1.34644 1.50377
1.35787 1.49607
1.37077 1.48754
1.38521 1.47816
1.40126 1.46788
1.41736 1.45772
1.43196 1.44867
1.44512 1.44067
1.45689 1.43369
1.46735 1.42767
1.47653 1.42256
1.48452 1.41831
1.49136 1.41487
1.49712 1.4122
1.50186 1.41025
1.50563 1.40896
1.5085 1.40828
1.51053 1.40818
1.51178 1.40859
1.51231 1.40947
1.51217 1.41076
1.51144 1.41243
1.51016 1.41442
1.5084 1.41668
1.50622 1.41916
1.50368 1.42181
1.50083 1.42459
1.49775 1.42744
1.49449 1.43032
1.4911 1.43317
1.48766 1.43595
1.48422 1.43861
1.48083 1.44109
1.47757 1.44335
1.47448 1.44534
1.47164 1.44701
1.4691 1.44831
1.46691 1.4492
1.46515 1.44961
1.46387 1.44951
1.46313 1.44884
1.46299 1.44756
1.46352 1.44561
1.46476 1.44295
1.46679 1.43952
1.46965 1.43528
1.47342 1.43018
1.47816 1.42416
1.48391 1.41719
1.49075 1.40921
1.49873 1.40016
1.50791 1.39001
1.51835 1.3787
1.53012 1.36618
1.54327 1.35241
1.55651 1.33874
1.56856 1.32653
1.57944 1.3157
1.58922 1.3062
1.59793 1.29796
1.60563 1.29093
1.61236 1.28503
1.61817 1.28021
1.6231 1.27639
1.62721 1.27353
1.63053 1.27155
1.63311 1.2704
1.63501 1.27
1.63626 1.2703
1.63692 1.27123
1.63703 1.27273
1.63663 1.27474
1.63578 1.27719
1.63453 1.28003
1.6329 1.28318
1.63097 1.28658
1.62876 1.29018
1.62633 1.2939
1.62373 1.29769
1.621 1.30149
1.61818 1.30522
1.61533 1.30882
1.61249 1.31224
1.60971 1.31541
1.60703 1.31827
1.60451 1.32075
1.60218 1.32279
1.60009 1.32433
1.5983 1.3253
1.59685 1.32565
1.59577 1.3253
1.59513 1.3242
1.59497 1.32227
1.59533 1.31947
1.59627 1.31573
1.59782 1.31097
1.60003 1.30515
1.60296 1.29819
1.60665 1.29004
1.61113 1.28063
1.61647 1.26989
1.62271 1.25777
1.62989 1.2442
1.63807 1.22912
1.64728 1.21246
1.65662 1.19588
1.66516 1.18102
1.67294 1.16779
1.67998 1.15614
1.68632 1.14598
1.69198 1.13725
1.69698 1.12986
1.70137 1.12376
1.70517 1.11886
1.7084 1.11509
1.71111 1.11237
1.7133 1.11065
1.71503 1.10983
1.71631 1.10985
1.71717 1.11064
1.71764 1.11213
1.71776 1.11423
1.71754 1.11687
1.71703 1.11999
1.71624 1.12351
1.71522 1.12736
1.71398 1.13146
1.71255 1.13575
1.71097 1.14014
1.70927 1.14456
1.70746 1.14895
1.70559 1.15322
1.70368 1.15731
1.70177 1.16114
1.69987 1.16465
1.69802 1.16774
1.69624 1.17036
1.69458 1.17243
1.69305 1.17388
1.69168 1.17463
1.69051 1.17461
1.68956 1.17375
1.68886 1.17197
1.68845 1.1692
1.68834 1.16538
1.68857 1.16041
1.68917 1.15424
1.69017 1.14679
1.6916 1.13798
1.69348 1.12774
1.69584 1.11601
1.69872 1.1027
1.70214 1.08774
1.70613 1.07107
1.71073 1.0526
1.71546 1.03416
1.71986 1.01758
1.72395 1.00277
1.72771 0.989658
1.73118 0.978166
1.73436 0.968216
1.73725 0.959731
1.73987 0.952632
1.74222 0.946842
1.74433 0.942284
1.74618 0.938879
1.74781 0.93655
1.74921 0.935218
1.75039 0.934808
1.75137 0.935239
1.75216 0.936436
1.75276 0.93832
1.75318 0.940814
1.75344 0.943839
1.75354 0.947318
1.75349 0.951174
1.75331 0.955328
1.753 0.959704
1.75257 0.964222
1.75203 0.968806
1.7514 0.973378
1.75068 0.97786
1.74988 0.982174
1.74901 0.986243
1.74808 0.989989
1.7471 0.993334
1.74609 0.996201
1.74504 0.998511
1.74397 1.00019
1.74289 1.00115
1.74181 1.00133
1.74074 1.00064
1.73969 0.999
1.73866 0.996341
1.73768 0.992582
1.73674 0.987645
1.73586 0.981452
1.73505 0.973926
1.73431 0.964989
1.73366 0.954563
1.73311 0.942571
1.73266 0.928935
1.73233 0.913576
1.73212 0.896418
1.73205 0.877383
1.73211 0.858337
1.73229 0.841148
1.73257 0.82574
1.73295 0.812035
1.73342 0.799956
1.73397 0.789426
1.7346 0.780368
1.73529 0.772706
1.73603 0.766362
1.73683 0.761259
1.73766 0.757321
1.73852 0.75447
1.73941 0.75263
1.74031 0.751722
1.74122 0.751672
1.74212 0.7524
1.74301 0.753832
1.74388 0.755888
1.74472 0.758494
1.74553 0.76157
1.74629 0.765042
1.747 0.768831
1.74764 0.77286
1.74822 0.777053
1.74871 0.781333
1.74912 0.785623
1.74943 0.789845
1.74964 0.793923
1.74974 0.79778
1.74971 0.801338
1.74955 0.804521
1.74926 0.807252
1.74882 0.809454
1.74822 0.81105
1.74747 0.811962
1.74654 0.812115
1.74542 0.81143
1.74412 0.809831
1.74263 0.807242
1.74092 0.803584
1.73901 0.798781
1.73687 0.792756
1.7345 0.785433
1.73189 0.776733
1.72903 0.766581
1.72592 0.754898
1.72254 0.741609
1.71888 0.726636
1.71495 0.709902
1.71073 0.69133
1.70661 0.672718
1.70298 0.655868
1.69982 0.640706
1.69711 0.62716
1.69482 0.615159
1.69292 0.604629
1.6914 0.595497
1.69023 0.587693
1.68939 0.581143
1.68885 0.575774
1.6886 0.571515
1.6886 0.568293
1.68883 0.566035
1.68927 0.56467
1.6899 0.564124
1.6907 0.564326
1.69163 0.565202
1.69268 0.566681
1.69382 0.568691
1.69503 0.571157
1.69629 0.574009
1.69757 0.577174
1.69885 0.58058
1.7001 0.584153
1.70131 0.587822
1.70244 0.591515
1.70349 0.595158
1.70441 0.598679
1.70519 0.602007
1.7058 0.605068
1.70623 0.60779
1.70644 0.610101
1.70642 0.611928
1.70614 0.613199
1.70558 0.613842
1.70471 0.613783
1.70351 0.612952
1.70196 0.611274
1.70003 0.608679
1.6977 0.605093
1.69495 0.600444
1.69176 0.594659
1.68809 0.587667
1.68393 0.579395
1.67925 0.569769
1.67403 0.558719
1.66825 0.546172
1.66188 0.532054
1.65489 0.516295
1.64728 0.49882
1.63974 0.481291
1.63298 0.465373
1.62696 0.451
1.62166 0.438105
1.61702 0.426623
1.61303 0.416488
1.60965 0.407634
1.60683 0.399996
1.60455 0.393507
1.60278 0.388101
1.60147 0.383713
1.60059 0.380276
1.6001 0.377726
1.59998 0.375995
1.60019 0.375018
1.60069 0.374729
1.60144 0.375063
1.60242 0.375953
1.60359 0.377334
1.60491 0.379139
1.60635 0.381303
1.60787 0.38376
1.60944 0.386444
1.61103 0.389289
1.61259 0.392229
1.6141 0.395198
1.61552 0.398131
1.61681 0.400961
1.61795 0.403623
1.61889 0.406051
1.6196 0.408179
1.62004 0.409941
1.62019 0.411271
1.62001 0.412103
1.61945 0.412372
1.61849 0.412011
1.6171 0.410955
1.61523 0.409137
1.61285 0.406492
1.60994 0.402955
1.60644 0.398458
1.60233 0.392937
1.59758 0.386324
1.59214 0.378556
1.58599 0.369565
1.57909 0.359285
1.5714 0.347651
1.56289 0.334597
1.55352 0.320058
1.54327 0.303966
1.53306 0.287817
1.52384 0.273111
1.51557 0.259788
1.50819 0.247789
1.50167 0.237057
1.49597 0.227531
1.49104 0.219154
1.48683 0.211866
1.48331 0.205609
1.48044 0.200323
1.47816 0.19595
1.47645 0.192432
1.47524 0.189708
1.47451 0.187722
1.47421 0.186412
1.4743 0.185722
1.47472 0.185591
1.47545 0.185962
1.47644 0.186775
1.47764 0.187972
1.47901 0.189493
1.48051 0.19128
1.4821 0.193274
1.48374 0.195417
1.48537 0.197648
1.48696 0.199911
1.48847 0.202145
1.48985 0.204292
1.49106 0.206293
1.49205 0.20809
1.49279 0.209623
1.49323 0.210834
1.49333 0.211663
1.49305 0.212053
1.49234 0.211943
1.49115 0.211277
1.48946 0.209993
1.48721 0.208035
1.48436 0.205342
1.48087 0.201856
1.47669 0.197519
1.47179 0.192271
1.46612 0.186054
1.45963 0.178808
1.45229 0.170476
1.44405 0.160997
1.43487 0.150314
1.42471 0.138368
1.41352 0.125099
1.40126 0.110449
1.38903 0.095746
1.37793 0.0823219
1.36791 0.0701248
1.35892 0.0591027
1.35091 0.0492035
1.34383 0.040375
1.33765 0.0325652
1.3323 0.025722
1.32774 0.0197933
1.32392 0.014727
1.32079 0.010471
1.31831 0.00697329
1.31643 0.00418172
1.31509 0.00204422
1.31426 0.000508698
1.31387 -0.000476934
1.31389 -0.000964763
1.31426 -0.00100688
1.31494 -0.000655359
1.31588 3.76971e-05
1.31703 0.00102021
1.31834 0.00224008
1.31977 0.00364524
1.32126 0.00518358
1.32277 0.00680303
1.32424 0.00845149
1.32564 0.0100769
1.32691 0.0116271
1.328 0.0130501
1.32887 0.0142937
1.32946 0.015306
1.32974 0.0160347
1.32964 0.0164278
1.32913 0.0164332
1.32815 0.0159989
1.32666 0.0150727
1.3246 0.0136025
1.32194 0.0115363
1.31862 0.00882201
1.31458 0.00540749
1.3098 0.00124066
1.30421 -0.00373054
1.29776 -0.00955823
1.29042 -0.0162945
1.28213 -0.0239914
1.27284 -0.032701
1.2625 -0.0424754
1.25107 -0.0533668
1.2385 -0.0654272
1.22474 -0.0787086
1.211 -0.092036
1.19848 -0.10423
1.18713 -0.115337
1.1769 -0.125404
1.16773 -0.134475
1.15958 -0.142598
1.15239 -0.149819
1.14611 -0.156183
1.1407 -0.161737
1.13608 -0.166528
1.13223 -0.1706
1.12908 -0.174001
1.12657 -0.176776
1.12467 -0.178972
1.12332 -0.180634
1.12246 -0.18181
1.12205 -0.182545
1.12202 -0.182885
1.12234 -0.182876
1.12295 -0.182565
1.12379 -0.181998
1.12482 -0.18122
1.12598 -0.180278
1.12723 -0.179219
1.1285 -0.178088
1.12975 -0.176931
1.13092 -0.175796
1.13197 -0.174726
1.13284 -0.17377
1.13348 -0.172973
1.13384 -0.172381
1.13386 -0.17204
1.1335 -0.171997
1.1327 -0.172298
1.13141 -0.172988
1.12958 -0.174115
1.12716 -0.175723
1.12409 -0.17786
1.12032 -0.180571
1.11581 -0.183903
1.11049 -0.187902
1.10433 -0.192613
1.09725 -0.198084
1.08923 -0.20436
1.08019 -0.211487
1.07009 -0.219511
1.05889 -0.22848
1.04652 -0.238438
1.03293 -0.249432
1.01807 -0.261508
1.00323 -0.273621
0.989661 -0.284722
0.977322 -0.294852
0.966155 -0.304053
0.956107 -0.312365
0.947125 -0.319831
0.939153 -0.326492
0.932138 -0.332389
0.926025 -0.337563
0.920762 -0.342056
0.916293 -0.345909
0.912566 -0.349163
0.909525 -0.35186
0.907117 -0.354041
0.905287 -0.355748
0.903983 -0.357021
0.903149 -0.357902
0.902732 -0.358433
0.902678 -0.358654
0.902933 -0.358608
0.903443 -0.358335
0.904153 -0.357876
0.905011 -0.357274
0.905961 -0.356569
0.90695 -0.355803
0.907923 -0.355017
0.908828 -0.354253
0.909609 -0.353551
0.910214 -0.352954
0.910586 -0.352502
0.910674 -0.352237
0.910423 -0.3522
0.909778 -0.352432
0.908687 -0.352976
0.907094 -0.353871
0.904945 -0.35516
0.902188 -0.356884
0.898767 -0.359084
0.89463 -0.361802
0.889721 -0.365078
0.883987 -0.368955
0.877373 -0.373473
0.869827 -0.378674
0.861293 -0.3846
0.851718 -0.391291
0.841048 -0.398788
0.829228 -0.407135
0.816206 -0.41637
0.801926 -0.426537
0.786335 -0.437676
0.770742 -0.448839
0.756457 -0.459079
0.743425 -0.468431
0.731591 -0.476935
0.720901 -0.484629
0.711299 -0.491551
0.702731 -0.497739
0.695143 -0.503231
0.688478 -0.508065
0.682683 -0.51228
0.677703 -0.515913
0.673483 -0.519003
0.669969 -0.521587
0.667104 -0.523705
0.664836 -0.525393
0.663108 -0.526691
0.661867 -0.527636
0.661057 -0.528266
0.660624 -0.52862
0.660513 -0.528735
0.660669 -0.52865
0.661037 -0.528403
0.661563 -0.528032
0.662192 -0.527575
0.662869 -0.52707
0.663539 -0.526556
0.664147 -0.52607
0.66464 -0.525651
0.664962 -0.525337
0.665058 -0.525165
0.664873 -0.525175
0.664353 -0.525404
0.663443 -0.525889
0.662088 -0.526671
0.660234 -0.527786
0.657826 -0.529272
0.654808 -0.531168
0.651126 -0.533512
0.646726 -0.536343
0.641553 -0.539697
0.635551 -0.543613
0.628666 -0.54813
0.620844 -0.553286
0.61203 -0.559118
0.602168 -0.565665
0.591204 -0.572964
0.579083 -0.581055
0.565751 -0.589975
0.551153 -0.599762
0.535233 -0.610455
0.519294 -0.621153
0.504636 -0.630958
0.491207 -0.639906
0.478954 -0.648037
0.467825 -0.655387
0.457765 -0.661995
0.448723 -0.667899
0.440644 -0.673137
0.433478 -0.677746
0.427169 -0.681765
0.421666 -0.685231
0.416915 -0.688182
0.412865 -0.690656
0.40946 -0.692692
0.406649 -0.694326
0.404379 -0.695597
0.402597 -0.696544
0.40125 -0.697202
0.400285 -0.697612
0.399648 -0.69781
0.399288 -0.697835
0.399151 -0.697723
0.399183 -0.697515
0.399334 -0.697246
0.399548 -0.696955
0.399774 -0.696681
0.399958 -0.69646
0.400047 -0.696332
0.39999 -0.696333
0.399731 -0.696501
0.39922 -0.696875
0.398402 -0.697493
0.397225 -0.698392
0.395635 -0.69961
0.393581 -0.701186
0.391008 -0.703157
0.387865 -0.70556
0.384097 -0.708435
0.379653 -0.711819
0.374479 -0.715749
0.368522 -0.720264
0.36173 -0.725401
0.354049 -0.731199
0.345426 -0.737696
0.335809 -0.744928
0.325144 -0.752935
0.313379 -0.761754
0.300461 -0.771424
0.286336 -0.781981
0.270952 -0.793464
0.255235 -0.804984
0.240138 -0.815657
0.225648 -0.825525
0.211753 -0.834628
0.19844 -0.84301
0.185697 -0.850713
0.173512 -0.857778
0.161871 -0.864247
0.150763 -0.870163
0.140175 -0.875567
0.130094 -0.880502
0.120509 -0.885009
0.111406 -0.889131
0.102774 -0.892909
0.0945987 -0.896386
0.0868691 -0.899604
0.0795722 -0.902604
0.0726957 -0.905429
0.0662271 -0.90812
0.0601538 -0.91072
0.0544635 -0.913271
0.0491437 -0.915815
0.0441818 -0.918394
0.0395655 -0.921049
0.0352823 -0.923823
0.0313198 -0.926758
0.0276653 -0.929896
0.0243066 -0.933278
0.0212311 -0.936948
0.0184264 -0.940946
0.0158799 -0.945315
0.0135793 -0.950098
0.0115121 -0.955335
0.00966585 -0.961069
0.00802801 -0.967343
0.00658617 -0.974197
0.00532785 -0.981675
0.00424059 -0.989817
0.00331194 -0.998667
0.00252943 -1.00827
0.00188058 -1.01866
0.00135296 -1.02988
0.000934077 -1.04198
0.000611483 -1.05499
0.000372713 -1.06897
0.000205302 -1.08394
9.6789e-05 -1.09996
3.47094e-05 -1.11707
6.60077e-06 -1.1353

For m = 80:
0 1.1547
-0.0024385 1.22096
-0.00875447 1.26266
-0.0174486 1.28422
-0.0270215 1.29006
-0.0359739 1.28457
-0.0428064 1.27217
-0.0460198 1.25727
-0.0441147 1.24428
-0.0355919 1.2376
-0.0189518 1.24165
0.00730465 1.26084
0.0446769 1.29958
0.0901533 1.35579
0.119044 1.3948
0.13058 1.41412
0.128599 1.41772
0.11694 1.40955
0.099442 1.39359
0.079943 1.37381
0.0622818 1.35417
0.0502971 1.33863
0.0478274 1.33117
0.0587115 1.33575
0.0867879 1.35634
0.135895 1.3969
0.183759 1.43848
0.208536 1.46173
0.214713 1.47002
0.206778 1.46672
0.189217 1.45521
0.166517 1.43886
0.143165 1.42103
0.123648 1.40512
0.112453 1.39448
0.114066 1.39249
0.132974 1.40252
0.173665 1.42795
0.23331 1.46726
0.272647 1.49429
0.289206 1.50706
0.287844 1.50847
0.273422 1.50142
0.250798 1.48879
0.224832 1.47348
0.200383 1.45839
0.182309 1.44641
0.17547 1.44044
0.184725 1.44336
0.214932 1.45809
0.270952 1.4875
0.326492 1.51765
0.355423 1.5343
0.362856 1.53994
0.353898 1.53706
0.333659 1.52814
0.307246 1.51568
0.279769 1.50216
0.256336 1.49007
0.242056 1.48189
0.242037 1.48012
0.261387 1.48724
0.305216 1.50575
0.370505 1.53451
0.413672 1.55425
0.431872 1.5635
0.430394 1.56438
0.414527 1.55902
0.389562 1.54955
0.360786 1.53809
0.333491 1.52678
0.312965 1.51773
0.304497 1.51307
0.313377 1.51493
0.344895 1.52543
0.404339 1.54671
0.463517 1.5686
0.494328 1.58069
0.502196 1.5848
0.492549 1.58271
0.470813 1.57622
0.442413 1.56712
0.412777 1.55721
0.38733 1.54829
0.371498 1.54215
0.370708 1.54058
0.390385 1.54539
0.435957 1.55836
0.504286 1.57872
0.549465 1.59276
0.568459 1.59941
0.5668 1.60015
0.550019 1.59647
0.523648 1.58985
0.493221 1.58177
0.464267 1.57372
0.44232 1.56719
0.432911 1.56366
0.441572 1.56462
0.473836 1.57154
0.535233 1.58592
0.596468 1.60084
0.628298 1.60919
0.636338 1.61217
0.626201 1.61096
0.603502 1.60675
0.573854 1.60073
0.542872 1.59409
0.516169 1.58801
0.49936 1.58369
0.498059 1.5823
0.517879 1.58505
0.564434 1.59311
0.634517 1.60604
0.680833 1.6151
0.700234 1.61956
0.698396 1.62032
0.680997 1.61829
0.653714 1.61436
0.622223 1.60944
0.592201 1.60442
0.569326 1.60022
0.559274 1.59774
0.567722 1.59786
0.600348 1.60151
0.662827 1.60957
0.725211 1.61814
0.75758 1.62314
0.765659 1.62519
0.75517 1.62491
0.731837 1.62293
0.701383 1.61985
0.669532 1.61632
0.642007 1.61293
0.624532 1.61033
0.622829 1.60913
0.642623 1.60995
0.689637 1.61342
0.760625 1.61939
0.807509 1.62381
0.827075 1.62629
0.825077 1.62716
0.80727 1.62678
0.77941 1.62549
0.747252 1.62363
0.716551 1.62155
0.693062 1.61961
0.682541 1.61813
0.690742 1.61748
0.723422 1.61799
0.786335 1.62002
0.849205 1.62255
0.881769 1.62439
0.889801 1.62563
0.879073 1.62632
0.85536 1.62655
0.824433 1.62639
0.792068 1.62591
0.764035 1.62518
0.74611 1.62427
0.744065 1.62326
0.763674 1.62223
0.81071 1.62123
0.881919 1.62045
0.928921 1.62041
0.948465 1.62101
0.946332 1.62207
0.928298 1.62337
0.900142 1.62472
0.867642 1.62592
0.836577 1.62676
0.812723 1.62706
0.80186 1.62661
0.809765 1.62521
0.842217 1.62265
0.904994 1.61875
0.967778 1.61536
1.00024 1.61414
1.00817 1.61463
0.997309 1.61635
0.973446 1.61883
0.942346 1.62161
0.909778 1.6242
0.881514 1.62613
0.863322 1.62694
0.860973 1.62615
0.880236 1.62328
0.926882 1.61788
0.997678 1.6104
1.04438 1.60595
1.06374 1.60474
1.06151 1.60603
1.04343 1.60906
1.01524 1.61311
0.982713 1.6174
0.951579 1.62121
0.927592 1.62379
0.9165 1.62439
0.92405 1.62226
0.955992 1.61666
1.01807 1.60684
1.08021 1.59753
1.1123 1.59328
1.12006 1.59307
1.10919 1.59587
1.08542 1.60067
1.05444 1.60644
1.02199 1.61216
0.993766 1.61682
0.975487 1.61938
0.972864 1.61883
0.991613 1.61415
1.03744 1.60432
1.10718 1.59012
1.15317 1.58126
1.17219 1.57827
1.1699 1.57984
1.15196 1.58467
1.12404 1.59147
1.0918 1.59894
1.06091 1.60579
1.03703 1.6107
1.02582 1.61239
1.03295 1.60955
1.06408 1.60089
1.12488 1.58511
1.18579 1.56985
1.21721 1.56257
1.22475 1.56168
1.21401 1.56562
1.19058 1.5728
1.16006 1.58165
1.12806 1.59059
1.10018 1.59803
1.082 1.60241
1.07914 1.60214
1.09719 1.59565
1.14175 1.58136
1.20973 1.56036
1.25455 1.54706
1.27306 1.54229
1.27077 1.54418
1.25319 1.55087
1.22585 1.56051
1.19427 1.57124
1.16396 1.5812
1.14045 1.58852
1.12925 1.59135
1.13589 1.58782
1.16588 1.57609
1.22474 1.55428
1.28378 1.53301
1.31423 1.52268
1.32151 1.52114
1.31104 1.52626
1.28826 1.5359
1.25857 1.5479
1.2274 1.56013
1.20018 1.57044
1.18233 1.5767
1.17926 1.57674
1.19641 1.56845
1.23919 1.54966
1.30464 1.52181
1.34781 1.50403
1.36562 1.49747
1.3634 1.49971
1.34643 1.50831
1.32004 1.52086
1.28952 1.53492
1.26019 1.54806
1.23735 1.55785
1.22631 1.56187
1.23237 1.55769
1.26086 1.54288
1.31706 1.51501
1.37351 1.48767
1.40263 1.47427
1.4096 1.4721
1.3996 1.47844
1.37779 1.49057
1.34935 1.50578
1.31945 1.52136
1.29327 1.5346
1.27599 1.54278
1.27277 1.54319
1.28879 1.53311
1.32922 1.50983
1.39127 1.47509
1.43223 1.45282
1.44916 1.44448
1.44708 1.44709
1.43101 1.45763
1.40597 1.47311
1.37699 1.49053
1.34907 1.50689
1.32724 1.5192
1.31653 1.52445
1.32194 1.51964
1.34851 1.50179
1.40126 1.46788
1.45432 1.4345
1.48174 1.41805
1.48835 1.41524
1.479 1.4228
1.45855 1.43743
1.43183 1.45586
1.40369 1.4748
1.37898 1.49098
1.36254 1.50111
1.35923 1.50191
1.37388 1.4901
1.41135 1.4624
1.46904 1.42086
1.50719 1.39414
1.52302 1.38405
1.52117 1.387
1.50631 1.39945
1.48308 1.41784
1.45613 1.43859
1.43012 1.45816
1.40969 1.47297
1.39949 1.47947
1.40418 1.4741
1.4284 1.4533
1.47682 1.41349
1.52563 1.3742
1.55092 1.35475
1.55711 1.35131
1.54864 1.36004
1.52995 1.37711
1.50546 1.39868
1.47961 1.42092
1.45683 1.43999
1.44155 1.45205
1.43822 1.45328
1.45126 1.43983
1.4851 1.40787
1.53743 1.35977
1.57211 1.32875
1.5866 1.31693
1.58508 1.32021
1.57175 1.33449
1.55081 1.35566
1.52645 1.37962
1.50285 1.40228
1.48423 1.41953
1.47477 1.42726
1.47865 1.42139
1.50009 1.39781
1.54327 1.35241
1.58693 1.3075
1.60965 1.28518
1.61536 1.28111
1.60798 1.29093
1.59146 1.31028
1.56973 1.33481
1.54671 1.36016
1.52635 1.38197
1.51257 1.39589
1.5093 1.39756
1.52048 1.38262
1.55005 1.34672
1.59599 1.29249
1.62655 1.25745
1.63944 1.244
1.63833 1.24754
1.62686 1.26347
1.60868 1.2872
1.58744 1.31412
1.56679 1.33964
1.55039 1.35916
1.54188 1.36807
1.54491 1.36178
1.56314 1.3357
1.60021 1.28521
1.63784 1.23515
1.65755 1.2102
1.6627 1.20551
1.65662 1.21627
1.64266 1.23765
1.62418 1.26483
1.60452 1.29298
1.58704 1.31727
1.57507 1.33289
1.57197 1.33499
1.58109 1.31877
1.60577 1.27938
1.64438 1.21971
1.67019 1.18107
1.68125 1.16612
1.6806 1.16984
1.67126 1.18718
1.65627 1.21312
1.63864 1.24262
1.62141 1.27065
1.60762 1.29216
1.60027 1.30214
1.60242 1.29554
1.61708 1.26732
1.64728 1.21246
1.67811 1.15796
1.69442 1.13068
1.69891 1.1254
1.69428 1.1369
1.68321 1.15996
1.66841 1.18936
1.65255 1.21987
1.63835 1.24627
1.62848 1.26333
1.62565 1.26585
1.63255 1.24859
1.65186 1.20632
1.68235 1.14213
1.7029 1.10045
1.71192 1.0842
1.71176 1.08799
1.70476 1.10643
1.69328 1.13412
1.67965 1.1657
1.66622 1.19575
1.65534 1.21891
1.64935 1.22977
1.6506 1.22295
1.66143 1.19307
1.68419 1.13474
1.70762 1.07666
1.72023 1.04748
1.72398 1.04166
1.72089 1.05366
1.71293 1.07797
1.70209 1.10904
1.69036 1.14136
1.67973 1.16939
1.67219 1.1876
1.66971 1.19046
1.6743 1.17245
1.68794 1.12802
1.70978 1.0604
1.7247 1.01639
1.73151 0.999079
1.73183 1.00283
1.72729 1.02199
1.71951 1.05092
1.71011 1.08397
1.70072 1.11549
1.69296 1.13984
1.68846 1.15137
1.68884 1.14444
1.69572 1.1134
1.71073 1.0526
1.72642 0.99197
1.73511 0.961372
1.73806 0.95507
1.73653 0.967326
1.73176 0.992402
1.72503 1.02456
1.71758 1.05807
1.71067 1.08719
1.70557 1.10618
1.70352 1.1093
1.70579 1.09082
1.71364 1.04501
1.72663 0.975136
1.73577 0.929548
1.74027 0.911463
1.74103 0.915077
1.73895 0.934589
1.73491 0.964194
1.7298 0.998091
1.72452 1.03048
1.71995 1.05555
1.717 1.0675
1.71655 1.06053
1.71949 1.02884
1.72671 0.966626
1.73461 0.904483
1.73934 0.872987
1.74142 0.866292
1.7414 0.878556
1.73978 0.903934
1.73712 0.936581
1.73393 0.970654
1.73075 1.00031
1.7281 1.0197
1.72652 1.02299
1.72654 1.00432
1.72868 0.957858
1.73292 0.886905
1.73632 0.840499
1.7385 0.821927
1.73964 0.825325
1.73992 0.844833
1.7395 0.874589
1.73858 0.908729
1.73731 0.941392
1.73589 0.966717
1.73447 0.97884
1.73324 0.9719
1.73238 0.940035
1.73205 0.877383
1.73237 0.814719
1.73321 0.782821
1.73439 0.775832
1.73576 0.787892
1.73715 0.813145
1.73837 0.845731
1.73926 0.879792
1.73966 0.909471
1.73939 0.928908
1.73827 0.932246
1.73616 0.913626
1.73286 0.86719
1.72873 0.796219
1.72661 0.74969
1.72652 0.730905
1.72796 0.734031
1.73043 0.753233
1.73342 0.782676
1.73643 0.816525
1.73895 0.848947
1.74049 0.874107
1.74054 0.88617
1.7386 0.879301
1.73415 0.847667
1.72671 0.785433
1.71987 0.723115
1.717 0.691259
1.71729 0.684073
1.71991 0.695762
1.72404 0.720534
1.72886 0.752596
1.73354 0.786156
1.73726 0.815419
1.7392 0.834593
1.73853 0.837885
1.73443 0.819503
1.72607 0.773652
1.71416 0.703551
1.70688 0.657487
1.70463 0.638732
1.70629 0.641551
1.71073 0.660208
1.71681 0.688967
1.72341 0.722092
1.72941 0.753848
1.73366 0.778498
1.73505 0.790307
1.73244 0.78354
1.72471 0.752459
1.71073 0.69133
1.69728 0.630063
1.69097 0.598615
1.69038 0.591322
1.69409 0.602517
1.70069 0.626537
1.70874 0.657716
1.71684 0.69039
1.72356 0.718892
1.72749 0.737558
1.72721 0.740723
1.7213 0.722722
1.70834 0.67789
1.68933 0.609352
1.67733 0.564217
1.67308 0.54569
1.67488 0.548188
1.68104 0.566129
1.68987 0.593928
1.69967 0.626003
1.70876 0.656772
1.71544 0.680652
1.71801 0.692059
1.71479 0.685411
1.70408 0.655124
1.68419 0.595617
1.66478 0.535932
1.65534 0.505175
1.6539 0.497853
1.65853 0.508477
1.66728 0.531553
1.67818 0.561593
1.6893 0.593103
1.69868 0.620594
1.70436 0.638573
1.7044 0.64155
1.69685 0.624034
1.67976 0.580533
1.6544 0.514061
1.63815 0.470197
1.63206 0.45205
1.63393 0.454229
1.64157 0.47134
1.65279 0.497993
1.6654 0.528796
1.67719 0.558357
1.68599 0.581285
1.68959 0.592186
1.6858 0.585671
1.67242 0.556346
1.64728 0.49882
1.62255 0.441091
1.61028 0.411228
1.60806 0.403943
1.61345 0.413951
1.62404 0.435965
1.63741 0.464698
1.65115 0.494865
1.66282 0.52118
1.67002 0.538355
1.67032 0.541104
1.66129 0.524141
1.64053 0.482181
1.60956 0.418112
1.58953 0.375751
1.58178 0.358094
1.58366 0.359964
1.59256 0.376186
1.60583 0.401582
1.62084 0.430978
1.63497 0.459195
1.64558 0.481058
1.65004 0.491391
1.64572 0.485017
1.62999 0.45676
1.60021 0.401444
1.57079 0.34591
1.55601 0.317076
1.55304 0.30988
1.55905 0.319258
1.57121 0.340147
1.5867 0.367484
1.60267 0.396206
1.61632 0.421251
1.62479 0.437555
1.62528 0.440055
1.61494 0.423689
1.59095 0.383393
1.55504 0.321927
1.53168 0.281213
1.52244 0.26412
1.52429 0.265703
1.53423 0.281012
1.54924 0.305101
1.5663 0.333022
1.58242 0.359828
1.59457 0.380571
1.59974 0.390304
1.59492 0.384079
1.5771 0.356949
1.54327 0.303966
1.50974 0.25076
1.49275 0.223038
1.48909 0.21597
1.49559 0.224725
1.50907 0.244471
1.52634 0.270379
1.54422 0.297617
1.55952 0.321354
1.56907 0.336761
1.56968 0.339005
1.55817 0.323256
1.53135 0.284684
1.49114 0.225917
1.46487 0.186923
1.45429 0.170442
1.45607 0.17176
1.46686 0.186164
1.48333 0.20894
1.50214 0.235374
1.51993 0.260753
1.53337 0.280363
1.53912 0.289489
1.53384 0.283419
1.51419 0.257438
1.47682 0.206833
1.43971 0.156005
1.42076 0.129435
1.41647 0.122525
1.42335 0.130679
1.43792 0.149298
1.45669 0.173786
1.47617 0.199546
1.49288 0.22198
1.50332 0.236492
1.504 0.238485
1.49144 0.22336
1.46215 0.186522
1.4182 0.130468
1.38938 0.0932136
1.37762 0.0773679
1.3793 0.0784492
1.3908 0.0919762
1.40849 0.113467
1.42874 0.138441
1.44794 0.162415
1.46246 0.180909
1.46867 0.189441
1.46296 0.183529
1.4417 0.158692
1.40126 0.110449
1.36105 0.0619891
1.34038 0.036578
1.33551 0.0298485
1.34269 0.0374331
1.35816 0.0549643
1.37818 0.0780745
1.399 0.102396
1.41687 0.123562
1.42803 0.137205
1.42875 0.138957
1.41526 0.12445
1.38383 0.0893176
1.33664 0.0359306
1.3056 0.00039626
1.29279 -0.0148067
1.29435 -0.0139339
1.30641 -0.00124089
1.32511 0.0190169
1.34658 0.042584
1.36695 0.0652047
1.38236 0.0826236
1.38894 0.0905852
1.38283 0.0848339
1.36016 0.0611143
1.31706 0.0151707
1.27416 -0.0309804
1.25199 -0.0552498
1.2466 -0.0617836
1.25399 -0.0547277
1.2702 -0.0382282
1.29126 -0.0164312
1.31319 0.00651731
1.33202 0.0264713
1.34378 0.0392846
1.3445 0.0408113
1.33019 0.0269053
1.2969 -0.00657936
1.24692 -0.0573921
1.21395 -0.0912583
1.20022 -0.105825
1.20165 -0.105132
1.21416 -0.0932185
1.23368 -0.0741239
1.25615 -0.0518878
1.27749 -0.0305496
1.29363 -0.0141488
1.3005 -0.00672484
1.29402 -0.0123172
1.27013 -0.0349653
1.22474 -0.0787086
1.17952 -0.122647
1.15606 -0.145813
1.15018 -0.152141
1.15772 -0.145569
1.17454 -0.130031
1.19645 -0.109465
1.2193 -0.0878068
1.23892 -0.0689918
1.25116 -0.0569567
1.25185 -0.0556375
1.23682 -0.0689703
1.20192 -0.100891
1.14955 -0.149263
1.11493 -0.18154
1.10038 -0.195489
1.10166 -0.194947
1.11453 -0.183749
1.13473 -0.165734
1.15802 -0.144736
1.18016 -0.124593
1.19689 -0.109141
1.20398 -0.102217
1.19717 -0.107656
1.17222 -0.129296
1.12488 -0.170973
1.07767 -0.21283
1.05308 -0.234948
1.04676 -0.241067
1.05441 -0.234928
1.0717 -0.220272
1.09431 -0.200839
1.11791 -0.180371
1.13818 -0.162609
1.1508 -0.151293
1.15144 -0.150163
1.13579 -0.162962
1.09952 -0.19343
1.04512 -0.239533
1.00908 -0.270325
0.99382 -0.283687
0.994955 -0.283266
1.00809 -0.272714
1.02883 -0.255679
1.05278 -0.235812
1.07556 -0.216762
1.09277 -0.202179
1.10002 -0.195712
1.09291 -0.201012
1.06706 -0.221727
1.01807 -0.261508
0.969196 -0.301452
0.943634 -0.322597
0.936933 -0.328508
0.944639 -0.322747
0.962297 -0.308879
0.985452 -0.290467
1.00965 -0.271074
1.03043 -0.254264
1.04335 -0.2436
1.04394 -0.242646
1.02776 -0.254966
0.990339 -0.284122
0.934239 -0.328172
0.897006 -0.357616
0.881138 -0.370432
0.882122 -0.370105
0.895448 -0.360116
0.916603 -0.343949
0.941078 -0.325086
0.964361 -0.30701
0.981939 -0.293204
0.989303 -0.287151
0.981941 -0.292334
0.955342 -0.312234
0.904994 -0.350336
0.854733 -0.388578
0.82836 -0.408851
0.821314 -0.414561
0.829035 -0.409118
0.846961 -0.39593
0.870531 -0.378405
0.895185 -0.359951
0.91636 -0.343978
0.929496 -0.333892
0.930033 -0.333103
0.913408 -0.345018
0.875061 -0.373047
0.817592 -0.415323
0.779385 -0.443592
0.762998 -0.455923
0.763828 -0.455658
0.77727 -0.446138
0.79872 -0.430703
0.823573 -0.412693
0.847226 -0.395451
0.865074 -0.382317
0.872513 -0.376631
0.864939 -0.381735
0.837748 -0.40097
0.786335 -0.437676
0.734983 -0.474493
0.707952 -0.494025
0.700602 -0.499551
0.708291 -0.494353
0.72638 -0.481713
0.750228 -0.464913
0.775194 -0.447234
0.796639 -0.431957
0.809922 -0.422365
0.810403 -0.421738
0.79344 -0.433359
0.754394 -0.460509
0.695898 -0.501381
0.656942 -0.528709
0.640131 -0.540639
0.640796 -0.540403
0.654268 -0.531232
0.675879 -0.516359
0.700959 -0.499015
0.724839 -0.482431
0.74285 -0.469841
0.750324 -0.464475
0.74259 -0.469566
0.714981 -0.488344
0.662827 -0.524043
0.610705 -0.559815
0.583179 -0.578789
0.575558 -0.584157
0.583155 -0.579114
0.60128 -0.566852
0.625244 -0.550566
0.650358 -0.533449
0.671932 -0.518693
0.685278 -0.509494
0.685707 -0.509043
0.668529 -0.520535
0.629055 -0.547163
0.569933 -0.587151
0.530484 -0.61387
0.513346 -0.62552
0.513819 -0.625272
0.527205 -0.616292
0.548803 -0.601752
0.573916 -0.584819
0.597844 -0.568664
0.615887 -0.556454
0.623347 -0.551359
0.615524 -0.556548
0.587719 -0.57519
0.535233 -0.610455
0.482737 -0.645735
0.454905 -0.664422
0.447038 -0.669676
0.454441 -0.664661
0.472417 -0.652538
0.496268 -0.636469
0.521298 -0.619617
0.542811 -0.605143
0.556108 -0.59621
0.556494 -0.59598
0.539272 -0.607615
0.499745 -0.634277
0.440542 -0.67418
0.400938 -0.700796
0.38358 -0.712355
0.383789 -0.712035
0.396889 -0.703012
0.4182 -0.688464
0.443045 -0.67157
0.466745 -0.655507
0.484622 -0.643453
0.491998 -0.638585
0.484195 -0.644082
0.456535 -0.66312
0.404339 -0.698878
0.35206 -0.734558
0.324177 -0.753392
0.316053 -0.758605
0.323052 -0.753418
0.340537 -0.741056
0.363871 -0.724742
0.388418 -0.707699
0.409542 -0.69315
0.422605 -0.68432
0.42297 -0.684432
0.406002 -0.696708
0.367064 -0.724372
0.30871 -0.765552
0.269489 -0.79293
0.252029 -0.804717
0.251768 -0.804224
0.264148 -0.794761
0.284607 -0.77964
0.308585 -0.762172
0.33152 -0.745666
0.348854 -0.733435
0.356024 -0.728788
0.348471 -0.735037
0.321634 -0.755492
0.270952 -0.793464
0.220011 -0.831176
0.192486 -0.850952
0.183948 -0.856251
0.189973 -0.850532
0.206133 -0.837253
0.228001 -0.819875
0.251151 -0.801857
0.271157 -0.786658
0.283592 -0.777737
0.284029 -0.778553
0.268041 -0.792566
0.231203 -0.823236
0.175836 -0.868448
0.138107 -0.898325
0.120573 -0.910987
0.119052 -0.910136
0.129361 -0.899476
0.147319 -0.882709
0.168744 -0.863538
0.189454 -0.845666
0.205265 -0.832795
0.211998 -0.828628
0.205468 -0.836869
0.181495 -0.861219
0.135895 -0.905381
0.089316 -0.948872
0.0627436 -0.971476
0.0525063 -0.977294
0.0549325 -0.970432
0.0663506 -0.954991
0.083089 -0.935077
0.101476 -0.914791
0.11784 -0.898238
0.12851 -0.889522
0.129813 -0.892744
0.118079 -0.91201
0.0896352 -0.951422
0.0452544 -1.0085
0.00876037 -1.04799
-0.0169467 -1.06772
-0.033318 -1.07214
-0.0418048 -1.06568
-0.0438583 -1.05277
-0.0409296 -1.03786
-0.03447 -1.02538
-0.0259307 -1.01977
-0.0167628 -1.02546
-0.0084176 -1.04688
-0.00234626 -1.08849

